0,1542110370,0.52481154331,55,0.010,2,114,130,10,-9999,-9999,48,74
1,1542110370,0.5075715079371429,55,0.010,2,110,130,10,-9999,-9999,48,74
26,1541795449,0.698005420444,30,0.388,1,101,213,30,-9999,-9999,13,48
26,1562156382,0.61024691852,130,0.317,3,127,213,30,-9999,-9999,13,48
27,1541855560,0.617946441018,55,0.052,1,117,213,30,-9999,-9999,13,48
27,1542110370,0.5290061936514285,55,0.010,2,266,213,30,-9999,-9999,13,48
27,1526042976,0.6776743925922222,55,0.332,2,110,213,30,-9999,-9999,13,48
27,1562156382,0.64,130,0.317,3,189,213,30,-9999,-9999,13,48
27,1541795449,0.6940167871119999,30,0.388,1,134,213,30,-9999,-9999,13,48
28,1542060476,0.50609472,30,0.065,1,227,220,60,-9999,-9999,14,58
28,1542110370,0.5392803142857143,55,0.010,2,345,220,60,-9999,-9999,14,58
28,1541855560,0.588534480274,55,0.052,1,146,220,60,-9999,-9999,14,58
28,1526042976,0.63963985679,55,0.332,2,134,220,60,-9999,-9999,14,58
28,1541795449,0.681752900444,30,0.388,1,140,220,60,-9999,-9999,14,58
28,1568515697,0.564,55,0.276,2,101,220,60,-9999,-9999,14,58
29,1562595949,0.6722758987655556,55,0.024,2,111,220,60,-9999,-9999,14,58
29,1541855560,0.566741819054,55,0.052,1,186,220,60,-9999,-9999,14,58
29,1526042976,0.6394057358022222,55,0.332,2,150,220,60,-9999,-9999,14,58
29,1542110370,0.5412590793657143,55,0.010,2,381,220,60,-9999,-9999,14,58
29,1542060476,0.518664515556,30,0.065,1,226,220,60,-9999,-9999,14,58
29,1541795449,0.6149680080000001,30,0.388,1,129,220,60,-9999,-9999,14,58
29,1568515697,0.564,55,0.276,2,101,220,60,-9999,-9999,14,58
30,1542110370,0.5260702285714286,55,0.010,2,455,220,60,-9999,-9999,14,58
30,1542060476,0.553765893334,30,0.065,1,294,220,60,-9999,-9999,14,58
30,1541855560,0.592169076708,55,0.052,1,256,220,60,-9999,-9999,14,58
30,1526042976,0.6671228888888889,55,0.332,2,182,220,60,-9999,-9999,14,58
30,1568515697,0.564,55,0.276,2,139,220,60,-9999,-9999,14,58
30,1568771144,0.5588735234566666,130,0.043,3,240,220,60,-9999,-9999,14,58
30,1562566167,0.6956399587300001,55,0.073,2,108,220,60,-9999,-9999,14,58
30,1541795449,0.701116988,30,0.388,1,114,220,60,-9999,-9999,14,58
30,1542063215,0.5454665753088889,55,0.016,2,102,220,60,-9999,-9999,14,58
30,1562595949,0.6781303777777777,55,0.024,2,123,220,60,-9999,-9999,14,58
30,1538246979,0.7143496539685714,55,0.157,2,120,220,60,-9999,-9999,14,58
31,1568872223,0.6230478197533333,55,0.395,2,110,220,60,-9999,-9999,14,58
31,1541855560,0.60331468167,55,0.052,1,296,220,60,-9999,-9999,14,58
31,1561687474,0.5529709851855555,130,0.172,3,101,220,60,-9999,-9999,14,58
31,1562566167,0.7066636952385714,55,0.073,2,133,220,60,-9999,-9999,14,58
31,1541795449,0.765846687112,30,0.388,1,135,220,60,-9999,-9999,14,58
31,1542063215,0.5390912,55,0.016,2,112,220,60,-9999,-9999,14,58
31,1568515697,0.564,55,0.276,2,143,220,60,-9999,-9999,14,58
31,1525984771,0.6417883269019999,30,0.206,1,111,220,60,-9999,-9999,14,58
31,1526042976,0.6553849604933333,55,0.332,2,195,220,60,-9999,-9999,14,58
31,1542135259,0.8632634355555715,55,0.125,2,101,220,60,-9999,-9999,14,58
31,1542060476,0.589071506666,30,0.065,1,349,220,60,-9999,-9999,14,58
31,1538246979,0.7213092317457144,55,0.157,2,111,220,60,-9999,-9999,14,58
31,1525928471,0.5133414349200001,55,0.046,2,111,220,60,-9999,-9999,14,58
31,1562595949,0.6636857333333334,55,0.024,2,143,220,60,-9999,-9999,14,58
31,1562595654,0.7058811706177778,55,0.091,2,102,220,60,-9999,-9999,14,58
32,1568872223,0.64979482963,55,0.395,2,111,210,60,-9999,-9999,13,52
32,1548920222,0.662747781556,55,0.145,1,118,210,60,-9999,-9999,13,52
32,1562566167,0.7194884095242857,55,0.073,2,136,210,60,-9999,-9999,13,52
32,1526042976,0.6724311111111111,55,0.332,2,228,210,60,-9999,-9999,13,52
32,1542060476,0.579322315556,30,0.065,1,392,210,60,-9999,-9999,13,52
32,1541855560,0.6095194317939999,55,0.052,1,325,210,60,-9999,-9999,13,52
32,1542135259,0.7548660980957143,55,0.125,2,105,210,60,-9999,-9999,13,52
32,1541928111,0.579994767901111,55,0.109,2,104,210,60,-9999,-9999,13,52
32,1525984771,0.6151330766499999,30,0.206,1,118,210,60,-9999,-9999,13,52
32,1562595949,0.6487824740744444,55,0.024,2,182,210,60,-9999,-9999,13,52
32,1538246979,0.7265241111114287,55,0.157,2,124,210,60,-9999,-9999,13,52
32,1568515697,0.564,55,0.276,2,183,210,60,-9999,-9999,13,52
32,1541795449,0.771271152444,30,0.388,1,115,210,60,-9999,-9999,13,52
33,1568872223,0.6310179160488889,55,0.395,2,133,210,60,-9999,-9999,13,52
33,1562595949,0.65125742963,55,0.024,2,174,210,60,-9999,-9999,13,52
33,1526042976,0.697209202468889,55,0.332,2,214,210,60,-9999,-9999,13,52
33,1541855560,0.637194,55,0.052,1,324,210,60,-9999,-9999,13,52
33,1542060476,0.572103942222,30,0.065,1,527,210,60,-9999,-9999,13,52
33,1562595654,0.7131709676544444,55,0.091,2,109,210,60,-9999,-9999,13,52
33,1538246979,0.7173633523814286,55,0.157,2,119,210,60,-9999,-9999,13,52
33,1525984771,0.603797400732,30,0.206,1,159,210,60,-9999,-9999,13,52
33,1568515697,0.564,55,0.276,2,177,210,60,-9999,-9999,13,52
33,1548920222,0.667253082222,55,0.145,1,129,210,60,-9999,-9999,13,52
33,1568771144,0.5861218666666667,130,0.043,3,300,210,60,-9999,-9999,13,52
33,1542022064,0.6238571259255555,55,0.445,2,109,210,60,-9999,-9999,13,52
33,1542135259,0.6233280520628571,55,0.125,2,101,210,60,-9999,-9999,13,52
33,1541928111,0.5624519481477778,55,0.109,2,110,210,60,-9999,-9999,13,52
33,1562566167,0.6878706380957142,55,0.073,2,158,210,60,-9999,-9999,13,52
34,1542022064,0.6269770716044444,55,0.445,2,123,210,60,-9999,-9999,13,52
34,1562595949,0.6521411506177779,55,0.024,2,237,210,60,-9999,-9999,13,52
34,1567649801,0.5477636476185714,55,0.018,2,110,210,60,-9999,-9999,13,52
34,1542060476,0.5793307822220001,30,0.065,1,562,210,60,-9999,-9999,13,52
34,1548920222,0.6443418933339999,55,0.145,1,112,210,60,-9999,-9999,13,52
34,1562595654,0.6753271037033334,55,0.091,2,136,210,60,-9999,-9999,13,52
34,1526042976,0.6856784691355555,55,0.332,2,232,210,60,-9999,-9999,13,52
34,1568771144,0.6284674691355556,130,0.043,3,307,210,60,-9999,-9999,13,52
34,1541855560,0.587924037966,55,0.052,1,334,210,60,-9999,-9999,13,52
34,1538246979,0.6930000698414286,55,0.157,2,136,210,60,-9999,-9999,13,52
34,1525984771,0.615069357008,30,0.206,1,159,210,60,-9999,-9999,13,52
34,1526016250,0.7345023503703333,55,0.028,1,113,210,60,-9999,-9999,13,52
34,1542063981,0.5165962345677778,130,0.220,3,203,210,60,-9999,-9999,13,52
34,1562566167,0.6502388571428571,55,0.073,2,201,210,60,-9999,-9999,13,52
34,1541928111,0.5570099382711111,55,0.109,2,115,210,60,-9999,-9999,13,52
34,1561687474,0.7824974987655556,130,0.172,3,105,210,60,-9999,-9999,13,52
34,1568515697,0.564,55,0.276,2,188,210,60,-9999,-9999,13,52
34,1568872223,0.5927966148144445,55,0.395,2,111,210,60,-9999,-9999,13,52
34,1542135259,0.6375572222228572,55,0.125,2,117,210,60,-9999,-9999,13,52
34,1541795449,0.787563715112,30,0.388,1,114,210,60,-9999,-9999,13,52
35,1542060476,0.592301853334,30,0.065,1,618,210,60,-9999,-9999,13,52
35,1542135259,0.6204811206342857,55,0.125,2,136,210,60,-9999,-9999,13,52
35,1542063981,0.5089944518522223,130,0.220,3,210,210,60,-9999,-9999,13,52
35,1562566167,0.6805051873014285,55,0.073,2,206,210,60,-9999,-9999,13,52
35,1525984771,0.633762939532,30,0.206,1,190,210,60,-9999,-9999,13,52
35,1526042976,0.6612949827155555,55,0.332,2,279,210,60,-9999,-9999,13,52
35,1562595654,0.6697772938266666,55,0.091,2,159,210,60,-9999,-9999,13,52
35,1562595949,0.66735794321,55,0.024,2,226,210,60,-9999,-9999,13,52
35,1541928111,0.5577301548566667,55,0.109,2,111,210,60,-9999,-9999,13,52
35,1538246979,0.6926568380957143,55,0.157,2,162,210,60,-9999,-9999,13,52
35,1568771144,0.5223303604933334,130,0.043,3,314,210,60,-9999,-9999,13,52
35,1541855560,0.537667526052,55,0.052,1,362,210,60,-9999,-9999,13,52
35,1541795449,0.781165522942,30,0.388,1,112,210,60,-9999,-9999,13,52
35,1567649801,0.5243580857142858,55,0.018,2,123,210,60,-9999,-9999,13,52
35,1542022064,0.6810117555555556,55,0.445,2,125,210,60,-9999,-9999,13,52
35,1548920222,0.6458638446660001,55,0.145,1,125,210,60,-9999,-9999,13,52
35,1568872223,0.5982208222222223,55,0.395,2,116,210,60,-9999,-9999,13,52
35,1568515697,0.564,55,0.276,2,191,210,60,-9999,-9999,13,52
36,1548920222,0.741880703778,55,0.145,1,125,216,20,-9999,-9999,6,48
36,1541855560,0.596253391238,55,0.052,1,394,216,20,-9999,-9999,6,48
36,1541630220,0.6219910399999999,30,0.040,1,108,216,20,-9999,-9999,6,48
36,1562566167,0.7033944888885715,55,0.073,2,203,216,20,-9999,-9999,6,48
36,1526042976,0.6711367259255555,55,0.332,2,240,216,20,-9999,-9999,6,48
36,1542022064,0.6298077827155555,55,0.445,2,132,216,20,-9999,-9999,6,48
36,1542060476,0.5439610133339999,30,0.065,1,572,216,20,-9999,-9999,6,48
36,1542135259,0.5808237079371429,55,0.125,2,174,216,20,-9999,-9999,6,48
36,1569791456,0.5452217936514285,55,0.051,2,101,216,20,-9999,-9999,6,48
36,1526016250,0.6811085703703335,55,0.028,1,121,216,20,-9999,-9999,6,48
36,1525928471,0.53156904127,55,0.046,2,160,216,20,-9999,-9999,6,48
36,1562595949,0.6640751382711111,55,0.024,2,251,216,20,-9999,-9999,6,48
36,1562595654,0.6362206246911111,55,0.091,2,148,216,20,-9999,-9999,6,48
36,1538246979,0.7362149904757143,55,0.157,2,160,216,20,-9999,-9999,6,48
36,1568771144,0.5706467876544444,130,0.043,3,356,216,20,-9999,-9999,6,48
36,1525984771,0.629624831338,30,0.206,1,218,216,20,-9999,-9999,6,48
36,1568515697,0.564,55,0.276,2,215,216,20,-9999,-9999,6,48
36,1568876437,0.6060750603171428,30,0.056,1,106,216,20,-9999,-9999,6,48
36,1542063215,0.5062764814811112,55,0.016,2,184,216,20,-9999,-9999,6,48
36,1568872223,0.6199607530866666,55,0.395,2,113,216,20,-9999,-9999,6,48
36,1541795449,0.686712325978,30,0.388,1,120,216,20,-9999,-9999,6,48
36,1541928111,0.5417036243388889,55,0.109,2,145,216,20,-9999,-9999,6,48
37,1541795449,0.6445150769660001,30,0.388,1,132,216,20,-9999,-9999,6,48
37,1548920222,0.8095584824444001,55,0.145,1,114,216,20,-9999,-9999,6,48
37,1568515697,0.564,55,0.276,2,236,216,20,-9999,-9999,6,48
37,1541855560,0.622591127234,55,0.052,1,440,216,20,-9999,-9999,6,48
37,1526042976,0.6639170962966667,55,0.332,2,236,216,20,-9999,-9999,6,48
37,1542135259,0.60910992381,55,0.125,2,168,216,20,-9999,-9999,6,48
37,1562595654,0.6027371827155555,55,0.091,2,150,216,20,-9999,-9999,6,48
37,1525984771,0.637974804396,30,0.206,1,231,216,20,-9999,-9999,6,48
37,1542060476,0.500204768888,30,0.065,1,597,216,20,-9999,-9999,6,48
37,1541630220,0.669659226666,30,0.040,1,127,216,20,-9999,-9999,6,48
37,1542063215,0.61795905679,55,0.016,2,204,216,20,-9999,-9999,6,48
37,1525928471,0.5254342190471428,55,0.046,2,198,216,20,-9999,-9999,6,48
37,1561687474,0.7223102395066667,130,0.172,3,101,216,20,-9999,-9999,6,48
37,1562566167,0.6930907079371429,55,0.073,2,206,216,20,-9999,-9999,6,48
37,1526016250,0.66206354148,55,0.028,1,120,216,20,-9999,-9999,6,48
37,1538246979,0.7497168031742857,55,0.157,2,151,216,20,-9999,-9999,6,48
37,1568771144,0.6817083802466666,130,0.043,3,349,216,20,-9999,-9999,6,48
37,1541928111,0.5609104530500001,55,0.109,2,142,216,20,-9999,-9999,6,48
37,1562595949,0.6213524,55,0.024,2,269,216,20,-9999,-9999,6,48
37,1568872223,0.6126135950622222,55,0.395,2,115,216,20,-9999,-9999,6,48
38,1542110370,0.5272445365085715,55,0.010,2,850,216,20,-9999,-9999,6,48
38,1541630220,0.796650244444,30,0.040,1,129,216,20,-9999,-9999,6,48
38,1542135259,0.63654496508,55,0.125,2,183,216,20,-9999,-9999,6,48
38,1562595654,0.6052172345677778,55,0.091,2,132,216,20,-9999,-9999,6,48
38,1541795449,0.628446905778,30,0.388,1,155,216,20,-9999,-9999,6,48
38,1568515697,0.564,55,0.276,2,246,216,20,-9999,-9999,6,48
38,1562566167,0.6759644126985714,55,0.073,2,216,216,20,-9999,-9999,6,48
38,1548920222,0.8299229331111999,55,0.145,1,153,216,20,-9999,-9999,6,48
38,1541954192,0.55554908148,55,0.231,1,291,216,20,-9999,-9999,6,48
38,1562595949,0.6077111012344444,55,0.024,2,302,216,20,-9999,-9999,6,48
38,1525984771,0.6642452305879999,30,0.206,1,259,216,20,-9999,-9999,6,48
38,1538246979,0.7344633777771429,55,0.157,2,173,216,20,-9999,-9999,6,48
38,1541855560,0.615646242048,55,0.052,1,397,216,20,-9999,-9999,6,48
38,1526016250,0.54223661111,55,0.028,1,127,216,20,-9999,-9999,6,48
38,1568771144,0.6858780493822222,130,0.043,3,340,216,20,-9999,-9999,6,48
38,1542063215,0.6258806024688889,55,0.016,2,230,216,20,-9999,-9999,6,48
38,1541928111,0.5697966617288889,55,0.109,2,156,216,20,-9999,-9999,6,48
38,1567649801,0.5025460031742857,55,0.018,2,113,216,20,-9999,-9999,6,48
38,1526042976,0.6418294024688889,55,0.332,2,212,216,20,-9999,-9999,6,48
38,1525934078,0.6302645269842858,55,0.012,2,121,216,20,-9999,-9999,6,48
38,1568872223,0.6102294839511111,55,0.395,2,118,216,20,-9999,-9999,6,48
39,1541855560,0.628,55,0.052,1,419,216,20,-9999,-9999,6,48
39,1568771144,0.5737750641977778,130,0.043,3,354,216,20,-9999,-9999,6,48
39,1568872223,0.6065883654322223,55,0.395,2,121,216,20,-9999,-9999,6,48
39,1562566167,0.6725826603171429,55,0.073,2,205,216,20,-9999,-9999,6,48
39,1548920222,0.783790924222,55,0.145,1,132,216,20,-9999,-9999,6,48
39,1541928111,0.5612582567900001,55,0.109,2,183,216,20,-9999,-9999,6,48
39,1538246979,0.7356894222228572,55,0.157,2,132,216,20,-9999,-9999,6,48
39,1525934078,0.5706982698414286,55,0.012,2,148,216,20,-9999,-9999,6,48
39,1525984771,0.644670459644,30,0.206,1,254,216,20,-9999,-9999,6,48
39,1542110370,0.55741455873,55,0.010,2,842,216,20,-9999,-9999,6,48
39,1567649801,0.533363822222857,55,0.018,2,117,216,20,-9999,-9999,6,48
39,1541954192,0.6499288162966667,55,0.231,1,270,216,20,-9999,-9999,6,48
39,1568515697,0.564,55,0.276,2,243,216,20,-9999,-9999,6,48
39,1568876437,0.5063051365085715,30,0.056,1,120,216,20,-9999,-9999,6,48
39,1542063981,0.5080589382711111,130,0.220,3,193,216,20,-9999,-9999,6,48
39,1541795449,0.6634755368879999,30,0.388,1,170,216,20,-9999,-9999,6,48
39,1526042976,0.6574462518522223,55,0.332,2,210,216,20,-9999,-9999,6,48
39,1542063215,0.5267016444444445,55,0.016,2,243,216,20,-9999,-9999,6,48
39,1542135259,0.6377309460314285,55,0.125,2,226,216,20,-9999,-9999,6,48
39,1541630220,0.691901711112,30,0.040,1,127,216,20,-9999,-9999,6,48
39,1526016250,0.5311977977766666,55,0.028,1,128,216,20,-9999,-9999,6,48
39,1562595654,0.6120452617288888,55,0.091,2,139,216,20,-9999,-9999,6,48
39,1562595949,0.6264369604933333,55,0.024,2,264,216,20,-9999,-9999,6,48
40,1542110370,0.5367914920628571,55,0.010,2,919,200,50,-9999,-9999,10,49
40,1541954192,0.7666378444443332,55,0.231,1,269,200,50,-9999,-9999,10,49
40,1568872223,0.5741469530866666,55,0.395,2,128,200,50,-9999,-9999,10,49
40,1562595654,0.6041401481477778,55,0.091,2,165,200,50,-9999,-9999,10,49
40,1538246979,0.7225924571428572,55,0.157,2,175,200,50,-9999,-9999,10,49
40,1541795449,0.7085083280000001,30,0.388,1,208,200,50,-9999,-9999,10,49
40,1562566167,0.6877030571428571,55,0.073,2,247,200,50,-9999,-9999,10,49
40,1562595949,0.6281547012344445,55,0.024,2,274,200,50,-9999,-9999,10,49
40,1525984771,0.660517667962,30,0.206,1,292,200,50,-9999,-9999,10,49
40,1526042976,0.6506709432100001,55,0.332,2,221,200,50,-9999,-9999,10,49
40,1541928111,0.58465805679,55,0.109,2,178,200,50,-9999,-9999,10,49
40,1548920222,0.6673190731119999,55,0.145,1,127,200,50,-9999,-9999,10,49
40,1542135259,0.6369544825400001,55,0.125,2,184,200,50,-9999,-9999,10,49
40,1542063981,0.6055016123455556,130,0.220,3,188,200,50,-9999,-9999,10,49
40,1541855560,0.60589106176,55,0.052,1,399,200,50,-9999,-9999,10,49
40,1525928471,0.5142437015871428,55,0.046,2,185,200,50,-9999,-9999,10,49
40,1568515697,0.564,55,0.276,2,242,200,50,-9999,-9999,10,49
40,1541630220,0.5203556444440001,30,0.040,1,137,200,50,-9999,-9999,10,49
40,1526016250,0.56493840148,55,0.028,1,139,200,50,-9999,-9999,10,49
41,1542110370,0.5361974952385714,55,0.010,2,943,200,50,-9999,-9999,10,49
41,1542060476,0.559518875556,30,0.065,1,650,200,50,-9999,-9999,10,49
41,1541928111,0.5930361629633333,55,0.109,2,179,200,50,-9999,-9999,10,49
41,1526042976,0.6300158148144445,55,0.332,2,205,200,50,-9999,-9999,10,49
41,1562566167,0.6860098,55,0.073,2,218,200,50,-9999,-9999,10,49
41,1542063981,0.6928521308644444,130,0.220,3,226,200,50,-9999,-9999,10,49
41,1541855560,0.608092234036,55,0.052,1,456,200,50,-9999,-9999,10,49
41,1568872223,0.5832678839511111,55,0.395,2,122,200,50,-9999,-9999,10,49
41,1562595949,0.6058504617288889,55,0.024,2,279,200,50,-9999,-9999,10,49
41,1525984771,0.703106473016,30,0.206,1,306,200,50,-9999,-9999,10,49
41,1541954192,0.7974333874073333,55,0.231,1,290,200,50,-9999,-9999,10,49
41,1548920222,0.597729728666,55,0.145,1,123,200,50,-9999,-9999,10,49
41,1542135259,0.6667669873014286,55,0.125,2,222,200,50,-9999,-9999,10,49
41,1568515697,0.564,55,0.276,2,226,200,50,-9999,-9999,10,49
41,1541795449,0.6822799071119999,30,0.388,1,185,200,50,-9999,-9999,10,49
41,1562595654,0.5833764320988889,55,0.091,2,125,200,50,-9999,-9999,10,49
41,1538246979,0.6961380444442856,55,0.157,2,161,200,50,-9999,-9999,10,49
42,1542110370,0.5379647428571429,55,0.010,2,907,200,50,-9999,-9999,10,49
42,1568771144,0.6681748765433333,130,0.043,3,339,200,50,-9999,-9999,10,49
42,1541954192,0.7711506407406666,55,0.231,1,263,200,50,-9999,-9999,10,49
42,1541855560,0.619463486278,55,0.052,1,419,200,50,-9999,-9999,10,49
42,1541928111,0.6083986246911112,55,0.109,2,187,200,50,-9999,-9999,10,49
42,1542063981,0.7369693728400001,130,0.220,3,210,200,50,-9999,-9999,10,49
42,1562566167,0.6911443746028572,55,0.073,2,233,200,50,-9999,-9999,10,49
42,1568872223,0.6116706666666667,55,0.395,2,123,200,50,-9999,-9999,10,49
42,1562595949,0.5735074370366666,55,0.024,2,265,200,50,-9999,-9999,10,49
42,1542060476,0.549495182222,30,0.065,1,658,200,50,-9999,-9999,10,49
42,1542063215,0.5204666740744445,55,0.016,2,203,200,50,-9999,-9999,10,49
42,1526042976,0.6531885802466667,55,0.332,2,216,200,50,-9999,-9999,10,49
42,1568876437,0.5437732571428571,30,0.056,1,110,200,50,-9999,-9999,10,49
42,1541795449,0.728645412888,30,0.388,1,172,200,50,-9999,-9999,10,49
42,1568515697,0.564,55,0.276,2,224,200,50,-9999,-9999,10,49
42,1525984771,0.7421532131719999,30,0.206,1,274,200,50,-9999,-9999,10,49
42,1538246979,0.7210647079371428,55,0.157,2,183,200,50,-9999,-9999,10,49
42,1542135259,0.7577497695242856,55,0.125,2,201,200,50,-9999,-9999,10,49
42,1541630220,0.505277457778,30,0.040,1,147,200,50,-9999,-9999,10,49
42,1548920222,0.568269002222,55,0.145,1,116,200,50,-9999,-9999,10,49
42,1567649801,0.5286953047614286,55,0.018,2,105,200,50,-9999,-9999,10,49
42,1562595654,0.5654554592588888,55,0.091,2,156,200,50,-9999,-9999,10,49
43,1562566167,0.7395189904757142,55,0.073,2,234,200,50,-9999,-9999,10,49
43,1541855560,0.612832316456,55,0.052,1,421,200,50,-9999,-9999,10,49
43,1568872223,0.5884013061733333,55,0.395,2,118,200,50,-9999,-9999,10,49
43,1568515697,0.564,55,0.276,2,208,200,50,-9999,-9999,10,49
43,1542135259,0.8293738634914285,55,0.125,2,214,200,50,-9999,-9999,10,49
43,1542063981,0.6975215012344445,130,0.220,3,235,200,50,-9999,-9999,10,49
43,1542110370,0.5342227142857142,55,0.010,2,863,200,50,-9999,-9999,10,49
43,1541928111,0.6103718246911112,55,0.109,2,173,200,50,-9999,-9999,10,49
43,1568771144,0.7300439530866667,130,0.043,3,344,200,50,-9999,-9999,10,49
43,1525984771,0.6975722931839999,30,0.206,1,294,200,50,-9999,-9999,10,49
43,1562595949,0.5604557753088889,55,0.024,2,261,200,50,-9999,-9999,10,49
43,1542060476,0.523630151112,30,0.065,1,629,200,50,-9999,-9999,10,49
43,1562595654,0.5577659086422222,55,0.091,2,122,200,50,-9999,-9999,10,49
43,1542063215,0.6311324469133334,55,0.016,2,192,200,50,-9999,-9999,10,49
43,1541795449,0.776618610666,30,0.388,1,198,200,50,-9999,-9999,10,49
43,1538246979,0.7193367841271429,55,0.157,2,165,200,50,-9999,-9999,10,49
43,1548920222,0.592337624444,55,0.145,1,130,200,50,-9999,-9999,10,49
43,1526042976,0.6622919358022222,55,0.332,2,199,200,50,-9999,-9999,10,49
43,1542022064,0.6512092543211111,55,0.445,2,174,200,50,-9999,-9999,10,49
43,1539059451,0.5150541874066666,55,0.349,1,142,200,50,-9999,-9999,10,49
44,1525928471,0.5191877809528571,55,0.046,2,165,180,30,-9999,-9999,23,33
44,1542110370,0.5436800444442857,55,0.010,2,942,180,30,-9999,-9999,23,33
44,1562595654,0.5796478172844444,55,0.091,2,121,180,30,-9999,-9999,23,33
44,1541795449,0.766376647112,30,0.388,1,211,180,30,-9999,-9999,23,33
44,1541928111,0.5849924913577778,55,0.109,2,172,180,30,-9999,-9999,23,33
44,1568872223,0.566530624691111,55,0.395,2,131,180,30,-9999,-9999,23,33
44,1525984771,0.638287997434,30,0.206,1,296,180,30,-9999,-9999,23,33
44,1526042976,0.6164461530866666,55,0.332,2,216,180,30,-9999,-9999,23,33
44,1542063215,0.5674547259255556,55,0.016,2,209,180,30,-9999,-9999,23,33
44,1542060476,0.534878542222,30,0.065,1,638,180,30,-9999,-9999,23,33
44,1542063981,0.5630224913577778,130,0.220,3,196,180,30,-9999,-9999,23,33
44,1541855560,0.538327389798,55,0.052,1,469,180,30,-9999,-9999,23,33
44,1568515697,0.564,55,0.276,2,193,180,30,-9999,-9999,23,33
44,1542022064,0.7051077925922222,55,0.445,2,172,180,30,-9999,-9999,23,33
44,1562566167,0.7436763428571429,55,0.073,2,255,180,30,-9999,-9999,23,33
44,1538246979,0.67698211746,55,0.157,2,177,180,30,-9999,-9999,23,33
44,1542135259,0.7490132463485714,55,0.125,2,222,180,30,-9999,-9999,23,33
44,1568771144,0.58518057037,130,0.043,3,365,180,30,-9999,-9999,23,33
44,1562595949,0.5653209185188889,55,0.024,2,233,180,30,-9999,-9999,23,33
44,1548920222,0.624570822222,55,0.145,1,126,180,30,-9999,-9999,23,33
45,1542022064,0.715079516048889,55,0.445,2,163,180,30,-9999,-9999,23,33
45,1542060476,0.5305832844439999,30,0.065,1,620,180,30,-9999,-9999,23,33
45,1525928471,0.5418389746028571,55,0.046,2,164,180,30,-9999,-9999,23,33
45,1525984771,0.6639574404059999,30,0.206,1,297,180,30,-9999,-9999,23,33
45,1542135259,0.6528236984128571,55,0.125,2,227,180,30,-9999,-9999,23,33
45,1562595949,0.5644641234566667,55,0.024,2,235,180,30,-9999,-9999,23,33
45,1548920222,0.5698697866660001,55,0.145,1,141,180,30,-9999,-9999,23,33
45,1542110370,0.5528502539685713,55,0.010,2,899,180,30,-9999,-9999,23,33
45,1568515697,0.564,55,0.276,2,211,180,30,-9999,-9999,23,33
45,1541795449,0.6925768884440001,30,0.388,1,204,180,30,-9999,-9999,23,33
45,1562566167,0.7037080190471429,55,0.073,2,252,180,30,-9999,-9999,23,33
45,1567649801,0.53724491746,55,0.018,2,101,180,30,-9999,-9999,23,33
45,1541928111,0.5845030395066667,55,0.109,2,198,180,30,-9999,-9999,23,33
45,1549856891,0.5869993985199999,55,0.027,1,110,180,30,-9999,-9999,23,33
45,1526042976,0.6126254444444444,55,0.332,2,217,180,30,-9999,-9999,23,33
45,1568872223,0.5258607481477777,55,0.395,2,131,180,30,-9999,-9999,23,33
45,1538246979,0.6708089047614286,55,0.157,2,141,180,30,-9999,-9999,23,33
45,1562595654,0.615082,55,0.091,2,146,180,30,-9999,-9999,23,33
46,1542022064,0.6995495135800001,55,0.445,2,173,180,30,-9999,-9999,23,33
46,1541855560,0.59988191428,55,0.052,1,421,180,30,-9999,-9999,23,33
46,1541795449,0.658500085778,30,0.388,1,208,180,30,-9999,-9999,23,33
46,1525984771,0.704273063112,30,0.206,1,294,180,30,-9999,-9999,23,33
46,1525928471,0.5158991841271429,55,0.046,2,198,180,30,-9999,-9999,23,33
46,1542110370,0.5313047206342857,55,0.010,2,877,180,30,-9999,-9999,23,33
46,1548920222,0.562319891112,55,0.145,1,120,180,30,-9999,-9999,23,33
46,1562595949,0.5551549037033333,55,0.024,2,218,180,30,-9999,-9999,23,33
46,1568515697,0.564,55,0.276,2,208,180,30,-9999,-9999,23,33
46,1541928111,0.5751976740744444,55,0.109,2,161,180,30,-9999,-9999,23,33
46,1562566167,0.6739834476185714,55,0.073,2,240,180,30,-9999,-9999,23,33
46,1561687474,0.5512303308644445,130,0.172,3,111,180,30,-9999,-9999,23,33
46,1541630220,0.538722964444,30,0.040,1,148,180,30,-9999,-9999,23,33
46,1542135259,0.6368493968257143,55,0.125,2,207,180,30,-9999,-9999,23,33
46,1568872223,0.5095099876544444,55,0.395,2,119,180,30,-9999,-9999,23,33
46,1562595654,0.6289241753088889,55,0.091,2,130,180,30,-9999,-9999,23,33
46,1539059451,0.53035740889,55,0.349,1,140,180,30,-9999,-9999,23,33
46,1538246979,0.6709192984128571,55,0.157,2,167,180,30,-9999,-9999,23,33
46,1526042976,0.6171615604933334,55,0.332,2,219,180,30,-9999,-9999,23,33
47,1542110370,0.5255930539685714,55,0.010,2,925,180,30,-9999,-9999,23,33
47,1541928111,0.5453822395066668,55,0.109,2,162,180,30,-9999,-9999,23,33
47,1562566167,0.6584914412699999,55,0.073,2,250,180,30,-9999,-9999,23,33
47,1525928471,0.51216563492,55,0.046,2,161,180,30,-9999,-9999,23,33
47,1541630220,0.566223626666,30,0.040,1,159,180,30,-9999,-9999,23,33
47,1561687474,0.6638752,130,0.172,3,125,180,30,-9999,-9999,23,33
47,1568515697,0.564,55,0.276,2,219,180,30,-9999,-9999,23,33
47,1562595949,0.54381605679,55,0.024,2,246,180,30,-9999,-9999,23,33
47,1525984771,0.7270294112179999,30,0.206,1,335,180,30,-9999,-9999,23,33
47,1541855560,0.573579507906,55,0.052,1,452,180,30,-9999,-9999,23,33
47,1542063215,0.572376516048889,55,0.016,2,180,180,30,-9999,-9999,23,33
47,1548920222,0.597108868888,55,0.145,1,117,180,30,-9999,-9999,23,33
47,1542135259,0.6284228031742857,55,0.125,2,180,180,30,-9999,-9999,23,33
47,1541795449,0.6776521111120001,30,0.388,1,214,180,30,-9999,-9999,23,33
47,1526042976,0.6532750148144444,55,0.332,2,216,180,30,-9999,-9999,23,33
47,1538246979,0.6812256603171428,55,0.157,2,158,180,30,-9999,-9999,23,33
47,1568872223,0.5656048691355555,55,0.395,2,116,180,30,-9999,-9999,23,33
47,1568771144,0.5414046148144445,130,0.043,3,399,180,30,-9999,-9999,23,33
47,1539059451,0.5337134322233333,55,0.349,1,134,180,30,-9999,-9999,23,33
47,1562595654,0.6379280518522222,55,0.091,2,123,180,30,-9999,-9999,23,33
47,1542022064,0.6755823160488889,55,0.445,2,134,180,30,-9999,-9999,23,33
48,1542110370,0.5106093555557143,55,0.010,2,900,162,50,-9999,-9999,6,19
48,1541928111,0.5496198469133333,55,0.109,2,206,162,50,-9999,-9999,6,19
48,1525984771,0.7814637714939999,30,0.206,1,315,162,50,-9999,-9999,6,19
48,1562566167,0.6489002222228571,55,0.073,2,206,162,50,-9999,-9999,6,19
48,1568771144,0.6945484790122223,130,0.043,3,387,162,50,-9999,-9999,6,19
48,1561687474,0.70613045679,130,0.172,3,123,162,50,-9999,-9999,6,19
48,1562595654,0.6402420345677778,55,0.091,2,115,162,50,-9999,-9999,6,19
48,1541630220,0.561241377778,30,0.040,1,132,162,50,-9999,-9999,6,19
48,1562595949,0.5496381407411111,55,0.024,2,262,162,50,-9999,-9999,6,19
48,1548920222,0.578857329334,55,0.145,1,126,162,50,-9999,-9999,6,19
48,1541795449,0.664781491556,30,0.388,1,200,162,50,-9999,-9999,6,19
48,1542022064,0.6777125185188889,55,0.445,2,152,162,50,-9999,-9999,6,19
48,1569400899,0.5381493629633333,55,0.064,2,109,162,50,-9999,-9999,6,19
48,1526042976,0.7126265358022222,55,0.332,2,211,162,50,-9999,-9999,6,19
48,1541855560,0.628,55,0.052,1,398,162,50,-9999,-9999,6,19
48,1568515697,0.564,55,0.276,2,233,162,50,-9999,-9999,6,19
48,1525928471,0.5181537111114286,55,0.046,2,216,162,50,-9999,-9999,6,19
48,1568872223,0.6012086592588889,55,0.395,2,116,162,50,-9999,-9999,6,19
48,1542135259,0.7394063914285715,55,0.125,2,184,162,50,-9999,-9999,6,19
48,1542063215,0.532584281481111,55,0.016,2,180,162,50,-9999,-9999,6,19
48,1538246979,0.7223052285714285,55,0.157,2,145,162,50,-9999,-9999,6,19
49,1541928111,0.5658256740744445,55,0.109,2,179,162,50,-9999,-9999,6,19
49,1562566167,0.6417459777771429,55,0.073,2,209,162,50,-9999,-9999,6,19
49,1541855560,0.628,55,0.052,1,427,162,50,-9999,-9999,6,19
49,1525928471,0.5226298888885714,55,0.046,2,176,162,50,-9999,-9999,6,19
49,1542135259,0.83346446508,55,0.125,2,171,162,50,-9999,-9999,6,19
49,1542063215,0.5183251925922222,55,0.016,2,207,162,50,-9999,-9999,6,19
49,1568872223,0.5763630641977777,55,0.395,2,131,162,50,-9999,-9999,6,19
49,1561687474,0.7187091777777778,130,0.172,3,132,162,50,-9999,-9999,6,19
49,1525984771,0.8104529383874001,30,0.206,1,296,162,50,-9999,-9999,6,19
49,1562595654,0.64045648642,55,0.091,2,117,162,50,-9999,-9999,6,19
49,1541795449,0.6847369177779999,30,0.388,1,239,162,50,-9999,-9999,6,19
49,1562595949,0.5585960617288889,55,0.024,2,246,162,50,-9999,-9999,6,19
49,1548920222,0.621468365334,55,0.145,1,119,162,50,-9999,-9999,6,19
49,1568771144,0.5534194,130,0.043,3,421,162,50,-9999,-9999,6,19
49,1538246979,0.720416907937143,55,0.157,2,161,162,50,-9999,-9999,6,19
49,1541630220,0.524940386666,30,0.040,1,144,162,50,-9999,-9999,6,19
49,1526042976,0.6997410888888889,55,0.332,2,196,162,50,-9999,-9999,6,19
49,1570003769,0.58275996508,55,0.028,2,102,162,50,-9999,-9999,6,19
49,1567649801,0.5427855428571429,55,0.018,2,126,162,50,-9999,-9999,6,19
49,1562246741,0.6265588857142858,55,0.052,2,104,162,50,-9999,-9999,6,19
49,1542022064,0.6178239580244445,55,0.445,2,142,162,50,-9999,-9999,6,19
49,1568515697,0.564,55,0.276,2,182,162,50,-9999,-9999,6,19
50,1542060476,0.502471964444,30,0.065,1,597,162,50,-9999,-9999,6,19
50,1542110370,0.5248327460314286,55,0.010,2,846,162,50,-9999,-9999,6,19
50,1562595949,0.5658625580244444,55,0.024,2,257,162,50,-9999,-9999,6,19
50,1541928111,0.5619646197533333,55,0.109,2,202,162,50,-9999,-9999,6,19
50,1562566167,0.6377836,55,0.073,2,231,162,50,-9999,-9999,6,19
50,1542135259,0.7954042800000001,55,0.125,2,199,162,50,-9999,-9999,6,19
50,1525984771,0.727916353334,30,0.206,1,267,162,50,-9999,-9999,6,19
50,1541795449,0.686228933778,30,0.388,1,213,162,50,-9999,-9999,6,19
50,1568515697,0.564,55,0.276,2,195,162,50,-9999,-9999,6,19
50,1548920222,0.710457592444,55,0.145,1,124,162,50,-9999,-9999,6,19
50,1542063215,0.5981372518522222,55,0.016,2,223,162,50,-9999,-9999,6,19
50,1541855560,0.622089507832,55,0.052,1,452,162,50,-9999,-9999,6,19
50,1526042976,0.66641488642,55,0.332,2,188,162,50,-9999,-9999,6,19
50,1525928471,0.5534122634914286,55,0.046,2,209,162,50,-9999,-9999,6,19
50,1567649801,0.5215341333328571,55,0.018,2,115,162,50,-9999,-9999,6,19
50,1562595654,0.6427649382711111,55,0.091,2,122,162,50,-9999,-9999,6,19
50,1568872223,0.5800549530866667,55,0.395,2,122,162,50,-9999,-9999,6,19
50,1538246979,0.6845900920628571,55,0.157,2,174,162,50,-9999,-9999,6,19
50,1561687474,0.7087343382711111,130,0.172,3,107,162,50,-9999,-9999,6,19
51,1541928111,0.5798988115611111,55,0.109,2,201,162,50,-9999,-9999,6,19
51,1542110370,0.5407520190471429,55,0.010,2,889,162,50,-9999,-9999,6,19
51,1541855560,0.621141917796,55,0.052,1,479,162,50,-9999,-9999,6,19
51,1562595949,0.5874819753088889,55,0.024,2,224,162,50,-9999,-9999,6,19
51,1538246979,0.6818238063485714,55,0.157,2,170,162,50,-9999,-9999,6,19
51,1525984771,0.7186020887480001,30,0.206,1,287,162,50,-9999,-9999,6,19
51,1541795449,0.669590152,30,0.388,1,257,162,50,-9999,-9999,6,19
51,1568515697,0.564,55,0.276,2,207,162,50,-9999,-9999,6,19
51,1542135259,0.8216245393657142,55,0.125,2,184,162,50,-9999,-9999,6,19
51,1562595654,0.6504538444444444,55,0.091,2,138,162,50,-9999,-9999,6,19
51,1542063981,0.5818154814811112,130,0.220,3,233,162,50,-9999,-9999,6,19
51,1561687474,0.6755609481477778,130,0.172,3,112,162,50,-9999,-9999,6,19
51,1562566167,0.6109912095242857,55,0.073,2,226,162,50,-9999,-9999,6,19
51,1526042976,0.6312200123455556,55,0.332,2,187,162,50,-9999,-9999,6,19
51,1525928471,0.5475696253971429,55,0.046,2,193,162,50,-9999,-9999,6,19
51,1568872223,0.6110052493822222,55,0.395,2,125,162,50,-9999,-9999,6,19
51,1542063215,0.52292625679,55,0.016,2,217,162,50,-9999,-9999,6,19
51,1548920222,0.760003756,55,0.145,1,117,162,50,-9999,-9999,6,19
52,1542110370,0.5400982539685714,55,0.010,2,891,140,30,-9999,-9999,15,34
52,1562595949,0.6037268938266667,55,0.024,2,250,140,30,-9999,-9999,15,34
52,1541855560,0.6146867644440001,55,0.052,1,460,140,30,-9999,-9999,15,34
52,1542135259,0.8183532269842857,55,0.125,2,199,140,30,-9999,-9999,15,34
52,1541795449,0.676728580444,30,0.388,1,215,140,30,-9999,-9999,15,34
52,1562566167,0.6021691809528571,55,0.073,2,223,140,30,-9999,-9999,15,34
52,1562595654,0.6420104543211111,55,0.091,2,146,140,30,-9999,-9999,15,34
52,1542063981,0.6755414222222222,130,0.220,3,232,140,30,-9999,-9999,15,34
52,1567649801,0.5322219777771429,55,0.018,2,126,140,30,-9999,-9999,15,34
52,1568872223,0.59390917284,55,0.395,2,131,140,30,-9999,-9999,15,34
52,1568515697,0.564,55,0.276,2,214,140,30,-9999,-9999,15,34
52,1538246979,0.6907994285714285,55,0.157,2,157,140,30,-9999,-9999,15,34
52,1526042976,0.6210696197533333,55,0.332,2,222,140,30,-9999,-9999,15,34
52,1525984771,0.8346399311112,30,0.206,1,274,140,30,-9999,-9999,15,34
52,1542178424,0.5103440126985714,55,0.316,2,111,140,30,-9999,-9999,15,34
52,1541630220,0.513754964444,30,0.040,1,150,140,30,-9999,-9999,15,34
52,1561687474,0.5790126839511112,130,0.172,3,120,140,30,-9999,-9999,15,34
52,1541928111,0.5867834451833334,55,0.109,2,181,140,30,-9999,-9999,15,34
52,1548920222,0.685271484888,55,0.145,1,108,140,30,-9999,-9999,15,34
53,1548920222,0.575004900888,55,0.145,1,118,140,30,-9999,-9999,15,34
53,1541928111,0.5818835052422222,55,0.109,2,187,140,30,-9999,-9999,15,34
53,1562595654,0.6041746345677778,55,0.091,2,154,140,30,-9999,-9999,15,34
53,1541630220,0.522487813334,30,0.040,1,161,140,30,-9999,-9999,15,34
53,1541795449,0.716339135556,30,0.388,1,228,140,30,-9999,-9999,15,34
53,1542110370,0.5531862666671429,55,0.010,2,883,140,30,-9999,-9999,15,34
53,1568515697,0.564,55,0.276,2,214,140,30,-9999,-9999,15,34
53,1562595949,0.6060028839511111,55,0.024,2,293,140,30,-9999,-9999,15,34
53,1541855560,0.6156540628639999,55,0.052,1,482,140,30,-9999,-9999,15,34
53,1526042976,0.6554040246911111,55,0.332,2,221,140,30,-9999,-9999,15,34
53,1542063215,0.5307152024688888,55,0.016,2,207,140,30,-9999,-9999,15,34
53,1542063981,0.6824939506177778,130,0.220,3,241,140,30,-9999,-9999,15,34
53,1542135259,0.8004170844442857,55,0.125,2,222,140,30,-9999,-9999,15,34
53,1568872223,0.6229986049377778,55,0.395,2,120,140,30,-9999,-9999,15,34
53,1562566167,0.6505369904757143,55,0.073,2,229,140,30,-9999,-9999,15,34
53,1538246979,0.7029969682542857,55,0.157,2,143,140,30,-9999,-9999,15,34
53,1525984771,0.8251470306666,30,0.206,1,285,140,30,-9999,-9999,15,34
54,1542135259,0.8183873619042857,55,0.125,2,195,140,30,-9999,-9999,15,34
54,1541928111,0.6082691641544444,55,0.109,2,171,140,30,-9999,-9999,15,34
54,1525984771,0.6886836933339999,30,0.206,1,255,140,30,-9999,-9999,15,34
54,1542110370,0.5630003746028572,55,0.010,2,895,140,30,-9999,-9999,15,34
54,1542063981,0.6909776049377778,130,0.220,3,244,140,30,-9999,-9999,15,34
54,1526042976,0.6937903901233333,55,0.332,2,211,140,30,-9999,-9999,15,34
54,1562595949,0.5997248395066667,55,0.024,2,253,140,30,-9999,-9999,15,34
54,1562595654,0.6088596222222222,55,0.091,2,185,140,30,-9999,-9999,15,34
54,1568515697,0.564,55,0.276,2,206,140,30,-9999,-9999,15,34
54,1541855560,0.627202920258,55,0.052,1,446,140,30,-9999,-9999,15,34
54,1538246979,0.7010810634914286,55,0.157,2,168,140,30,-9999,-9999,15,34
54,1568872223,0.5899033851855555,55,0.395,2,119,140,30,-9999,-9999,15,34
54,1548920222,0.607925174888,55,0.145,1,118,140,30,-9999,-9999,15,34
54,1541795449,0.6635726128880001,30,0.388,1,252,140,30,-9999,-9999,15,34
54,1562566167,0.6835633968257143,55,0.073,2,232,140,30,-9999,-9999,15,34
55,1542060476,0.515816986666,30,0.065,1,593,140,30,-9999,-9999,15,34
55,1542110370,0.5486179777771428,55,0.010,2,934,140,30,-9999,-9999,15,34
55,1570003769,0.5229381556657143,55,0.028,2,109,140,30,-9999,-9999,15,34
55,1541928111,0.5893462666666667,55,0.109,2,186,140,30,-9999,-9999,15,34
55,1568515697,0.564,55,0.276,2,219,140,30,-9999,-9999,15,34
55,1541855560,0.6261392065020001,55,0.052,1,437,140,30,-9999,-9999,15,34
55,1525984771,0.6400142376819999,30,0.206,1,265,140,30,-9999,-9999,15,34
55,1562595654,0.6225096962966667,55,0.091,2,152,140,30,-9999,-9999,15,34
55,1542135259,0.7578483746028571,55,0.125,2,195,140,30,-9999,-9999,15,34
55,1562595949,0.5878811654322222,55,0.024,2,251,140,30,-9999,-9999,15,34
55,1526042976,0.7021023111111111,55,0.332,2,213,140,30,-9999,-9999,15,34
55,1525928471,0.5241995142857143,55,0.046,2,185,140,30,-9999,-9999,15,34
55,1568872223,0.5607651901233334,55,0.395,2,117,140,30,-9999,-9999,15,34
55,1568771144,0.5319031259255556,130,0.043,3,424,140,30,-9999,-9999,15,34
55,1538246979,0.6973887142857144,55,0.157,2,148,140,30,-9999,-9999,15,34
55,1562566167,0.6903509873014286,55,0.073,2,226,140,30,-9999,-9999,15,34
55,1541795449,0.6111545173340001,30,0.388,1,212,140,30,-9999,-9999,15,34
55,1548920222,0.6918312693340001,55,0.145,1,118,140,30,-9999,-9999,15,34
55,1542063981,0.6757893679011111,130,0.220,3,258,140,30,-9999,-9999,15,34
56,1548920222,0.662994230444,55,0.145,1,104,120,20,-9999,-9999,16,45
56,1562566167,0.7020350373285714,55,0.073,2,202,120,20,-9999,-9999,16,45
56,1567649801,0.51239627433,55,0.018,2,109,120,20,-9999,-9999,16,45
56,1568515697,0.564,55,0.276,2,227,120,20,-9999,-9999,16,45
56,1562595949,0.5851546111533333,55,0.024,2,248,120,20,-9999,-9999,16,45
56,1541928111,0.5517643658577778,55,0.109,2,192,120,20,-9999,-9999,16,45
56,1538246979,0.6865557439514286,55,0.157,2,143,120,20,-9999,-9999,16,45
56,1542110370,0.5490211297214286,55,0.010,2,927,120,20,-9999,-9999,16,45
56,1541795449,0.7136936064520001,30,0.388,1,234,120,20,-9999,-9999,16,45
56,1542135259,0.7749797545042857,55,0.125,2,192,120,20,-9999,-9999,16,45
56,1542063981,0.6320536619833333,130,0.220,3,251,120,20,-9999,-9999,16,45
56,1568771144,0.5744545583655556,130,0.043,3,437,120,20,-9999,-9999,16,45
56,1525984771,0.745076486376,30,0.206,1,260,120,20,-9999,-9999,16,45
56,1568872223,0.6120162324388889,55,0.395,2,128,120,20,-9999,-9999,16,45
56,1526042976,0.6657747361433333,55,0.332,2,251,120,20,-9999,-9999,16,45
56,1541855560,0.62629928375,55,0.052,1,396,120,20,-9999,-9999,16,45
56,1561687474,0.5185954324388888,130,0.172,3,103,120,20,-9999,-9999,16,45
56,1525928471,0.5668680240828572,55,0.046,2,178,120,20,-9999,-9999,16,45
56,1542060476,0.555366182682,30,0.065,1,573,120,20,-9999,-9999,16,45
56,1562595654,0.6013575254155555,55,0.091,2,129,120,20,-9999,-9999,16,45
57,1542110370,0.5478221412157143,55,0.010,2,963,120,20,-9999,-9999,16,45
57,1568515697,0.564,55,0.276,2,212,120,20,-9999,-9999,16,45
57,1562566167,0.7039292807885714,55,0.073,2,227,120,20,-9999,-9999,16,45
57,1542060476,0.552842257472,30,0.065,1,596,120,20,-9999,-9999,16,45
57,1541855560,0.626922320958,55,0.052,1,414,120,20,-9999,-9999,16,45
57,1525984771,0.76588728085,30,0.206,1,256,120,20,-9999,-9999,16,45
57,1562595949,0.5755461123877778,55,0.024,2,244,120,20,-9999,-9999,16,45
57,1542063981,0.6121580842911111,130,0.220,3,236,120,20,-9999,-9999,16,45
57,1541795449,0.7188948579319999,30,0.388,1,220,120,20,-9999,-9999,16,45
57,1526042976,0.6228535274588889,55,0.332,2,233,120,20,-9999,-9999,16,45
57,1562595654,0.5891268352488889,55,0.091,2,140,120,20,-9999,-9999,16,45
57,1548920222,0.602562035172,55,0.145,1,123,120,20,-9999,-9999,16,45
57,1541928111,0.5523379923366666,55,0.109,2,175,120,20,-9999,-9999,16,45
57,1568872223,0.60303642401,55,0.395,2,123,120,20,-9999,-9999,16,45
57,1538246979,0.6716396584571429,55,0.157,2,163,120,20,-9999,-9999,16,45
57,1542135259,0.8560021563214286,55,0.125,2,189,120,20,-9999,-9999,16,45
57,1525928471,0.5455409786528571,55,0.046,2,205,120,20,-9999,-9999,16,45
58,1542110370,0.5553271952928571,55,0.010,2,947,120,20,-9999,-9999,16,45
58,1542063981,0.6297885836522222,130,0.220,3,260,120,20,-9999,-9999,16,45
58,1567649801,0.5180428967699999,55,0.018,2,104,120,20,-9999,-9999,16,45
58,1525928471,0.5155336683085714,55,0.046,2,189,120,20,-9999,-9999,16,45
58,1568515697,0.564,55,0.276,2,196,120,20,-9999,-9999,16,45
58,1525984771,0.6845396224360001,30,0.206,1,245,120,20,-9999,-9999,16,45
58,1541795449,0.695105697288,30,0.388,1,240,120,20,-9999,-9999,16,45
58,1562595654,0.5939190105577777,55,0.091,2,134,120,20,-9999,-9999,16,45
58,1541855560,0.6223784985999999,55,0.052,1,446,120,20,-9999,-9999,16,45
58,1542135259,0.8559602727857143,55,0.125,2,180,120,20,-9999,-9999,16,45
58,1562566167,0.6953895839085714,55,0.073,2,212,120,20,-9999,-9999,16,45
58,1568872223,0.5628661206466667,55,0.395,2,119,120,20,-9999,-9999,16,45
58,1562595949,0.5663742997022223,55,0.024,2,222,120,20,-9999,-9999,16,45
58,1541928111,0.5329577157088888,55,0.109,2,190,120,20,-9999,-9999,16,45
58,1548920222,0.585944951112,55,0.145,1,121,120,20,-9999,-9999,16,45
58,1526042976,0.6612281586211111,55,0.332,2,211,120,20,-9999,-9999,16,45
58,1538246979,0.6989507021342858,55,0.157,2,127,120,20,-9999,-9999,16,45
59,1542110370,0.56724144127,55,0.010,2,897,120,20,-9999,-9999,16,45
59,1541855560,0.604181318508,55,0.052,1,399,120,20,-9999,-9999,16,45
59,1562566167,0.6967629777771429,55,0.073,2,252,120,20,-9999,-9999,16,45
59,1548920222,0.577068542222,55,0.145,1,116,120,20,-9999,-9999,16,45
59,1568771144,0.6309788493822222,130,0.043,3,412,120,20,-9999,-9999,16,45
59,1542063981,0.6505060246911111,130,0.220,3,234,120,20,-9999,-9999,16,45
59,1567649801,0.5553669650799999,55,0.018,2,105,120,20,-9999,-9999,16,45
59,1541795449,0.710962865778,30,0.388,1,244,120,20,-9999,-9999,16,45
59,1562246741,0.6559399777771429,55,0.052,2,119,120,20,-9999,-9999,16,45
59,1526042976,0.6789712024688889,55,0.332,2,200,120,20,-9999,-9999,16,45
59,1541928111,0.5180934345677778,55,0.109,2,188,120,20,-9999,-9999,16,45
59,1538246979,0.7230753555557143,55,0.157,2,142,120,20,-9999,-9999,16,45
59,1562595654,0.5984642271599999,55,0.091,2,146,120,20,-9999,-9999,16,45
59,1525928471,0.50519195873,55,0.046,2,177,120,20,-9999,-9999,16,45
59,1525984771,0.653525524444,30,0.206,1,252,120,20,-9999,-9999,16,45
59,1568515697,0.564,55,0.276,2,209,120,20,-9999,-9999,16,45
59,1562595949,0.5798482716044444,55,0.024,2,241,120,20,-9999,-9999,16,45
59,1542135259,0.7869068552385715,55,0.125,2,174,120,20,-9999,-9999,16,45
59,1568872223,0.5818221654322222,55,0.395,2,109,120,20,-9999,-9999,16,45
60,1548920222,0.566817222222,55,0.145,1,130,117,20,-9999,-9999,17,56
60,1541928111,0.52411182963,55,0.109,2,201,117,20,-9999,-9999,17,56
60,1562246741,0.6328911777771428,55,0.052,2,103,117,20,-9999,-9999,17,56
60,1541795449,0.646140001334,30,0.388,1,245,117,20,-9999,-9999,17,56
60,1525928471,0.5037227523814286,55,0.046,2,157,117,20,-9999,-9999,17,56
60,1570003769,0.5586258190471428,55,0.028,2,102,117,20,-9999,-9999,17,56
60,1562595654,0.6158955950622222,55,0.091,2,149,117,20,-9999,-9999,17,56
60,1541855560,0.611350872072,55,0.052,1,415,117,20,-9999,-9999,17,56
60,1568515697,0.564,55,0.276,2,210,117,20,-9999,-9999,17,56
60,1542110370,0.5751674539685714,55,0.010,2,914,117,20,-9999,-9999,17,56
60,1562595949,0.6035131358022222,55,0.024,2,234,117,20,-9999,-9999,17,56
60,1525984771,0.662181346666,30,0.206,1,250,117,20,-9999,-9999,17,56
60,1542022064,0.5380191209877777,55,0.445,2,118,117,20,-9999,-9999,17,56
60,1568771144,0.7579822691355557,130,0.043,3,395,117,20,-9999,-9999,17,56
60,1562566167,0.7312045269842857,55,0.073,2,227,117,20,-9999,-9999,17,56
60,1526042976,0.6441461925922223,55,0.332,2,233,117,20,-9999,-9999,17,56
60,1568518028,0.7076942349199999,130,0.191,3,119,117,20,-9999,-9999,17,56
60,1538246979,0.6996344666671429,55,0.157,2,131,117,20,-9999,-9999,17,56
60,1542135259,0.7237798784128572,55,0.125,2,182,117,20,-9999,-9999,17,56
60,1542063981,0.6247169580244444,130,0.220,3,256,117,20,-9999,-9999,17,56
61,1541855560,0.618661017054,55,0.052,1,388,117,20,-9999,-9999,17,56
61,1568771144,0.7681981654322223,130,0.043,3,394,117,20,-9999,-9999,17,56
61,1542135259,0.7888697682542857,55,0.125,2,164,117,20,-9999,-9999,17,56
61,1541928111,0.5491796320988889,55,0.109,2,210,117,20,-9999,-9999,17,56
61,1542110370,0.5684131968257143,55,0.010,2,863,117,20,-9999,-9999,17,56
61,1562595949,0.6044466666666667,55,0.024,2,205,117,20,-9999,-9999,17,56
61,1541795449,0.660309164,30,0.388,1,198,117,20,-9999,-9999,17,56
61,1542063981,0.62263397284,130,0.220,3,240,117,20,-9999,-9999,17,56
61,1538246979,0.6766460317457144,55,0.157,2,152,117,20,-9999,-9999,17,56
61,1562246741,0.6266465365085714,55,0.052,2,119,117,20,-9999,-9999,17,56
61,1526042976,0.6303795580244445,55,0.332,2,231,117,20,-9999,-9999,17,56
61,1525829506,0.5218135762966667,55,0.023,1,109,117,20,-9999,-9999,17,56
61,1525984771,0.6650277377780001,30,0.206,1,265,117,20,-9999,-9999,17,56
61,1542022064,0.69413905679,55,0.445,2,123,117,20,-9999,-9999,17,56
61,1568515697,0.564,55,0.276,2,219,117,20,-9999,-9999,17,56
61,1525928471,0.5000410952385714,55,0.046,2,163,117,20,-9999,-9999,17,56
61,1568872223,0.6013921604933333,55,0.395,2,113,117,20,-9999,-9999,17,56
61,1562566167,0.72026655873,55,0.073,2,197,117,20,-9999,-9999,17,56
61,1562595654,0.6255657209877779,55,0.091,2,136,117,20,-9999,-9999,17,56
61,1548920222,0.566772413334,55,0.145,1,128,117,20,-9999,-9999,17,56
61,1568518028,0.5668127936514286,130,0.191,3,119,117,20,-9999,-9999,17,56
62,1526042976,0.6624291777777778,55,0.332,2,233,117,20,-9999,-9999,17,56
62,1568771144,0.746764740741111,130,0.043,3,414,117,20,-9999,-9999,17,56
62,1525928471,0.5197261682542856,55,0.046,2,170,117,20,-9999,-9999,17,56
62,1568515697,0.564,55,0.276,2,205,117,20,-9999,-9999,17,56
62,1542063981,0.65204782963,130,0.220,3,224,117,20,-9999,-9999,17,56
62,1525984771,0.673646602666,30,0.206,1,269,117,20,-9999,-9999,17,56
62,1541928111,0.59796557037,55,0.109,2,199,117,20,-9999,-9999,17,56
62,1542022064,0.7371127209877778,55,0.445,2,126,117,20,-9999,-9999,17,56
62,1542110370,0.53468236508,55,0.010,2,883,117,20,-9999,-9999,17,56
62,1541855560,0.619130188406,55,0.052,1,404,117,20,-9999,-9999,17,56
62,1562595949,0.5935042913577777,55,0.024,2,253,117,20,-9999,-9999,17,56
62,1542135259,0.7783031692057142,55,0.125,2,178,117,20,-9999,-9999,17,56
62,1562595654,0.6204242,55,0.091,2,144,117,20,-9999,-9999,17,56
62,1541795449,0.713817979556,30,0.388,1,240,117,20,-9999,-9999,17,56
62,1567649801,0.7782239428571428,55,0.018,2,106,117,20,-9999,-9999,17,56
62,1538246979,0.6860515746028572,55,0.157,2,128,117,20,-9999,-9999,17,56
62,1548920222,0.580894431112,55,0.145,1,119,117,20,-9999,-9999,17,56
62,1562566167,0.70295375873,55,0.073,2,214,117,20,-9999,-9999,17,56
62,1568872223,0.6002618913577777,55,0.395,2,102,117,20,-9999,-9999,17,56
63,1562595949,0.5791627604933334,55,0.024,2,224,117,20,-9999,-9999,17,56
63,1541855560,0.622985092754,55,0.052,1,407,117,20,-9999,-9999,17,56
63,1542063981,0.66619071358,130,0.220,3,263,117,20,-9999,-9999,17,56
63,1542060476,0.5200537733339999,30,0.065,1,560,117,20,-9999,-9999,17,56
63,1542135259,0.6854579142857143,55,0.125,2,189,117,20,-9999,-9999,17,56
63,1568515697,0.564,55,0.276,2,192,117,20,-9999,-9999,17,56
63,1568872223,0.60589825679,55,0.395,2,104,117,20,-9999,-9999,17,56
63,1548920222,0.569842109334,55,0.145,1,130,117,20,-9999,-9999,17,56
63,1525984771,0.661787613058,30,0.206,1,280,117,20,-9999,-9999,17,56
63,1542110370,0.5453437746028572,55,0.010,2,836,117,20,-9999,-9999,17,56
63,1562595654,0.6293494049377778,55,0.091,2,159,117,20,-9999,-9999,17,56
63,1541795449,0.732257082282,30,0.388,1,216,117,20,-9999,-9999,17,56
63,1542022064,0.7088011925922222,55,0.445,2,144,117,20,-9999,-9999,17,56
63,1568771144,0.68764334321,130,0.043,3,409,117,20,-9999,-9999,17,56
63,1562246741,0.6201058984128571,55,0.052,2,110,117,20,-9999,-9999,17,56
63,1526042976,0.6773833555555555,55,0.332,2,235,117,20,-9999,-9999,17,56
63,1541928111,0.6015347777777778,55,0.109,2,186,117,20,-9999,-9999,17,56
63,1525928471,0.5297199714285714,55,0.046,2,173,117,20,-9999,-9999,17,56
63,1562566167,0.73965576508,55,0.073,2,233,117,20,-9999,-9999,17,56
63,1538246979,0.7144719936514287,55,0.157,2,151,117,20,-9999,-9999,17,56
64,1541795449,0.743770093334,30,0.388,1,273,100,10,-9999,-9999,22,53
64,1542135259,0.7163974133328571,55,0.125,2,166,100,10,-9999,-9999,22,53
64,1525984771,0.635250949768,30,0.206,1,222,100,10,-9999,-9999,22,53
64,1542110370,0.5661785269842857,55,0.010,2,882,100,10,-9999,-9999,22,53
64,1562595949,0.5722688197533333,55,0.024,2,227,100,10,-9999,-9999,22,53
64,1541855560,0.622351350396,55,0.052,1,403,100,10,-9999,-9999,22,53
64,1542063981,0.7357175358022222,130,0.220,3,241,100,10,-9999,-9999,22,53
64,1568771144,0.6152727753088889,130,0.043,3,419,100,10,-9999,-9999,22,53
64,1542022064,0.6843319555555556,55,0.445,2,130,100,10,-9999,-9999,22,53
64,1542060476,0.5354228577779999,30,0.065,1,613,100,10,-9999,-9999,22,53
64,1548920222,0.595946090222,55,0.145,1,128,100,10,-9999,-9999,22,53
64,1562595654,0.6416019580244444,55,0.091,2,146,100,10,-9999,-9999,22,53
64,1568515697,0.564,55,0.276,2,235,100,10,-9999,-9999,22,53
64,1541928111,0.5763832419755556,55,0.109,2,189,100,10,-9999,-9999,22,53
64,1525928471,0.5132111111114286,55,0.046,2,165,100,10,-9999,-9999,22,53
64,1526042976,0.6651206666666667,55,0.332,2,227,100,10,-9999,-9999,22,53
64,1568872223,0.5855867703700001,55,0.395,2,135,100,10,-9999,-9999,22,53
64,1538246979,0.7327684888885714,55,0.157,2,135,100,10,-9999,-9999,22,53
64,1568518028,0.5910599460314285,130,0.191,3,130,100,10,-9999,-9999,22,53
64,1562566167,0.7552656920628571,55,0.073,2,237,100,10,-9999,-9999,22,53
64,1567649801,0.5619645904757143,55,0.018,2,104,100,10,-9999,-9999,22,53
65,1568518028,0.6659318444442857,130,0.191,3,136,100,10,-9999,-9999,22,53
65,1542022064,0.5307725580244445,55,0.445,2,135,100,10,-9999,-9999,22,53
65,1542110370,0.5621742317457142,55,0.010,2,910,100,10,-9999,-9999,22,53
65,1568771144,0.6652474740744444,130,0.043,3,430,100,10,-9999,-9999,22,53
65,1525984771,0.62877745145,30,0.206,1,217,100,10,-9999,-9999,22,53
65,1541855560,0.613519329062,55,0.052,1,446,100,10,-9999,-9999,22,53
65,1548920222,0.643845925112,55,0.145,1,139,100,10,-9999,-9999,22,53
65,1525928471,0.5101392190471429,55,0.046,2,188,100,10,-9999,-9999,22,53
65,1542135259,0.8369949333328571,55,0.125,2,202,100,10,-9999,-9999,22,53
65,1542063981,0.7342169012344445,130,0.220,3,266,100,10,-9999,-9999,22,53
65,1562595949,0.5969922839511111,55,0.024,2,251,100,10,-9999,-9999,22,53
65,1562595654,0.6531296666666666,55,0.091,2,125,100,10,-9999,-9999,22,53
65,1541795449,0.732880788322,30,0.388,1,260,100,10,-9999,-9999,22,53
65,1562566167,0.7418696285714286,55,0.073,2,256,100,10,-9999,-9999,22,53
65,1568515697,0.564,55,0.276,2,221,100,10,-9999,-9999,22,53
65,1538246979,0.7093745142857143,55,0.157,2,140,100,10,-9999,-9999,22,53
65,1526042976,0.6654029925922222,55,0.332,2,213,100,10,-9999,-9999,22,53
65,1541928111,0.6128928987655555,55,0.109,2,208,100,10,-9999,-9999,22,53
65,1567649801,0.5636662793657142,55,0.018,2,109,100,10,-9999,-9999,22,53
65,1568872223,0.5781643679011111,55,0.395,2,116,100,10,-9999,-9999,22,53
66,1541795449,0.6601052084439999,30,0.388,1,313,100,10,-9999,-9999,22,53
66,1542110370,0.5612337619042858,55,0.010,2,921,100,10,-9999,-9999,22,53
66,1562595949,0.6005012,55,0.024,2,248,100,10,-9999,-9999,22,53
66,1562595654,0.6557455876544445,55,0.091,2,167,100,10,-9999,-9999,22,53
66,1541855560,0.610167334624,55,0.052,1,423,100,10,-9999,-9999,22,53
66,1568518028,0.7203240444442857,130,0.191,3,117,100,10,-9999,-9999,22,53
66,1525928471,0.5095634507942858,55,0.046,2,185,100,10,-9999,-9999,22,53
66,1548920222,0.671363662,55,0.145,1,141,100,10,-9999,-9999,22,53
66,1541630220,0.5100854977779999,30,0.040,1,205,100,10,-9999,-9999,22,53
66,1526042976,0.6622031876544444,55,0.332,2,226,100,10,-9999,-9999,22,53
66,1568515697,0.564,55,0.276,2,206,100,10,-9999,-9999,22,53
66,1542135259,0.884124872381,55,0.125,2,197,100,10,-9999,-9999,22,53
66,1568771144,0.7541864543211111,130,0.043,3,437,100,10,-9999,-9999,22,53
66,1542063981,0.6675861950622222,130,0.220,3,269,100,10,-9999,-9999,22,53
66,1541928111,0.6819131133244445,55,0.109,2,191,100,10,-9999,-9999,22,53
66,1525984771,0.626596463126,30,0.206,1,226,100,10,-9999,-9999,22,53
66,1538246979,0.6872211079371429,55,0.157,2,170,100,10,-9999,-9999,22,53
66,1562566167,0.7842092634914285,55,0.073,2,211,100,10,-9999,-9999,22,53
66,1568872223,0.6156801160488888,55,0.395,2,115,100,10,-9999,-9999,22,53
67,1541795449,0.627923764444,30,0.388,1,302,100,10,-9999,-9999,22,53
67,1526042976,0.6865067086422222,55,0.332,2,251,100,10,-9999,-9999,22,53
67,1542110370,0.50082327619,55,0.010,2,865,100,10,-9999,-9999,22,53
67,1562595654,0.6809445555555556,55,0.091,2,162,100,10,-9999,-9999,22,53
67,1541928111,0.6583238492977779,55,0.109,2,191,100,10,-9999,-9999,22,53
67,1526067646,0.6448909492057142,55,0.027,2,105,100,10,-9999,-9999,22,53
67,1542135259,0.8067841047614286,55,0.125,2,180,100,10,-9999,-9999,22,53
67,1548920222,0.6996536811120001,55,0.145,1,148,100,10,-9999,-9999,22,53
67,1526016250,0.7249855514813334,55,0.028,1,150,100,10,-9999,-9999,22,53
67,1562595949,0.5906416913577778,55,0.024,2,279,100,10,-9999,-9999,22,53
67,1541855560,0.63279817856,55,0.052,1,450,100,10,-9999,-9999,22,53
67,1568518028,0.8663185650794286,130,0.191,3,115,100,10,-9999,-9999,22,53
67,1542060476,0.556479608888,30,0.065,1,615,100,10,-9999,-9999,22,53
67,1562566167,0.7899241873014287,55,0.073,2,243,100,10,-9999,-9999,22,53
67,1542063981,0.6701357086422222,130,0.220,3,270,100,10,-9999,-9999,22,53
67,1526051183,0.720291250276,30,0.033,1,103,100,10,-9999,-9999,22,53
67,1567649801,0.5593584730157143,55,0.018,2,126,100,10,-9999,-9999,22,53
67,1568872223,0.6465121012344445,55,0.395,2,107,100,10,-9999,-9999,22,53
67,1568515697,0.564,55,0.276,2,225,100,10,-9999,-9999,22,53
67,1538246979,0.7024213809528571,55,0.157,2,162,100,10,-9999,-9999,22,53
67,1525928471,0.5298482031742857,55,0.046,2,163,100,10,-9999,-9999,22,53
67,1568771144,0.7267297777777778,130,0.043,3,383,100,10,-9999,-9999,22,53
67,1525984771,0.619088559846,30,0.206,1,240,100,10,-9999,-9999,22,53
68,1541928111,0.5746838481911112,55,0.109,2,196,70,20,-9999,-9999,23,52
68,1541855560,0.6513808721640001,55,0.052,1,454,70,20,-9999,-9999,23,52
68,1526067646,0.626169574602857,55,0.027,2,118,70,20,-9999,-9999,23,52
68,1562595654,0.7291708320988889,55,0.091,2,148,70,20,-9999,-9999,23,52
68,1541795449,0.6777512542220001,30,0.388,1,344,70,20,-9999,-9999,23,52
68,1541630220,0.519587164444,30,0.040,1,178,70,20,-9999,-9999,23,52
68,1562595949,0.5888712098766666,55,0.024,2,242,70,20,-9999,-9999,23,52
68,1526042976,0.6942209975311111,55,0.332,2,242,70,20,-9999,-9999,23,52
68,1542086908,0.5276131951866667,55,0.021,1,132,70,20,-9999,-9999,23,52
68,1542063981,0.6959769555555556,130,0.220,3,294,70,20,-9999,-9999,23,52
68,1525984771,0.62606449434,30,0.206,1,248,70,20,-9999,-9999,23,52
68,1568518028,0.8202481206342856,130,0.191,3,135,70,20,-9999,-9999,23,52
68,1568771144,0.63489814321,130,0.043,3,405,70,20,-9999,-9999,23,52
68,1542060476,0.558838737778,30,0.065,1,619,70,20,-9999,-9999,23,52
68,1562566167,0.7347833396828571,55,0.073,2,212,70,20,-9999,-9999,23,52
68,1525928471,0.5738784476185714,55,0.046,2,203,70,20,-9999,-9999,23,52
68,1568515697,0.564,55,0.276,2,204,70,20,-9999,-9999,23,52
68,1542022064,0.5449648444444445,55,0.445,2,140,70,20,-9999,-9999,23,52
68,1568872223,0.62572857284,55,0.395,2,107,70,20,-9999,-9999,23,52
68,1568758196,0.5012337777771428,55,0.007,2,101,70,20,-9999,-9999,23,52
68,1526016250,0.82930212,55,0.028,1,161,70,20,-9999,-9999,23,52
68,1525994523,0.5684994662966666,55,0.080,1,145,70,20,-9999,-9999,23,52
68,1538246979,0.7173294539685714,55,0.157,2,152,70,20,-9999,-9999,23,52
68,1542135259,0.7764091873014286,55,0.125,2,166,70,20,-9999,-9999,23,52
68,1567649801,0.5630607555557142,55,0.018,2,109,70,20,-9999,-9999,23,52
68,1548920222,0.697051506666,55,0.145,1,117,70,20,-9999,-9999,23,52
69,1542110370,0.5438651428571428,55,0.010,2,910,70,20,-9999,-9999,23,52
69,1541795449,0.650445455556,30,0.388,1,309,70,20,-9999,-9999,23,52
69,1541855560,0.609756306414,55,0.052,1,484,70,20,-9999,-9999,23,52
69,1548920222,0.720270574666,55,0.145,1,153,70,20,-9999,-9999,23,52
69,1526042976,0.6927513827155555,55,0.332,2,281,70,20,-9999,-9999,23,52
69,1542135259,0.7542365555557143,55,0.125,2,175,70,20,-9999,-9999,23,52
69,1568771144,0.6244095580244444,130,0.043,3,395,70,20,-9999,-9999,23,52
69,1526051183,0.7393594715486667,30,0.033,1,101,70,20,-9999,-9999,23,52
69,1541630220,0.571849328888,30,0.040,1,213,70,20,-9999,-9999,23,52
69,1562595949,0.5971493999999999,55,0.024,2,239,70,20,-9999,-9999,23,52
69,1525984771,0.619957737106,30,0.206,1,234,70,20,-9999,-9999,23,52
69,1541928111,0.56083937037,55,0.109,2,215,70,20,-9999,-9999,23,52
69,1525994523,0.55374130037,55,0.080,1,180,70,20,-9999,-9999,23,52
69,1562595654,0.739325232098889,55,0.091,2,147,70,20,-9999,-9999,23,52
69,1542063981,0.6836807481477778,130,0.220,3,281,70,20,-9999,-9999,23,52
69,1562566167,0.7798431523814285,55,0.073,2,223,70,20,-9999,-9999,23,52
69,1568872223,0.6134450469133333,55,0.395,2,135,70,20,-9999,-9999,23,52
69,1526016250,0.8091105781479999,55,0.028,1,143,70,20,-9999,-9999,23,52
69,1562555220,0.6168579270219999,55,0.391,1,102,70,20,-9999,-9999,23,52
69,1542022064,0.6092709382711111,55,0.445,2,154,70,20,-9999,-9999,23,52
69,1568518028,0.72212132381,130,0.191,3,139,70,20,-9999,-9999,23,52
69,1568758196,0.5441127079371428,55,0.007,2,102,70,20,-9999,-9999,23,52
69,1568515697,0.564,55,0.276,2,198,70,20,-9999,-9999,23,52
69,1567649801,0.5594153460314286,55,0.018,2,101,70,20,-9999,-9999,23,52
69,1538246979,0.7313210666671429,55,0.157,2,167,70,20,-9999,-9999,23,52
69,1541643457,0.5819735598433333,55,0.012,1,161,70,20,-9999,-9999,23,52
69,1526067646,0.5923630984128571,55,0.027,2,134,70,20,-9999,-9999,23,52
69,1525928471,0.5892319555557143,55,0.046,2,208,70,20,-9999,-9999,23,52
70,1542110370,0.5678140063485714,55,0.010,2,918,70,20,-9999,-9999,23,52
70,1541795449,0.620243282666,30,0.388,1,294,70,20,-9999,-9999,23,52
70,1525984771,0.629655184422,30,0.206,1,244,70,20,-9999,-9999,23,52
70,1526042976,0.6893636493822222,55,0.332,2,261,70,20,-9999,-9999,23,52
70,1541630220,0.580008088888,30,0.040,1,231,70,20,-9999,-9999,23,52
70,1568520273,0.855086781728889,55,0.298,2,103,70,20,-9999,-9999,23,52
70,1526016250,0.65525939,55,0.028,1,123,70,20,-9999,-9999,23,52
70,1541643457,0.56874191583,55,0.012,1,143,70,20,-9999,-9999,23,52
70,1562595654,0.7107861506177777,55,0.091,2,168,70,20,-9999,-9999,23,52
70,1542086908,0.5764964718533333,55,0.021,1,114,70,20,-9999,-9999,23,52
70,1548920222,0.7961638293340001,55,0.145,1,130,70,20,-9999,-9999,23,52
70,1538246979,0.74166507619,55,0.157,2,160,70,20,-9999,-9999,23,52
70,1568771144,0.7380738395066667,130,0.043,3,408,70,20,-9999,-9999,23,52
70,1567649801,0.5770429714285713,55,0.018,2,115,70,20,-9999,-9999,23,52
70,1541928111,0.5992798370366667,55,0.109,2,210,70,20,-9999,-9999,23,52
70,1525928471,0.58565208254,55,0.046,2,179,70,20,-9999,-9999,23,52
70,1568515697,0.564,55,0.276,2,214,70,20,-9999,-9999,23,52
70,1542135259,0.6646539523814285,55,0.125,2,153,70,20,-9999,-9999,23,52
70,1542022064,0.6744820518522222,55,0.445,2,161,70,20,-9999,-9999,23,52
70,1541855560,0.60941729099,55,0.052,1,503,70,20,-9999,-9999,23,52
70,1568876437,0.5243114220028572,30,0.056,1,130,70,20,-9999,-9999,23,52
70,1542063981,0.6163111950622222,130,0.220,3,289,70,20,-9999,-9999,23,52
70,1568872223,0.6090649580244445,55,0.395,2,128,70,20,-9999,-9999,23,52
70,1562595949,0.6222382419755556,55,0.024,2,252,70,20,-9999,-9999,23,52
70,1562566167,0.7807566888885714,55,0.073,2,227,70,20,-9999,-9999,23,52
70,1571480720,0.5792751518533333,55,0.027,1,103,70,20,-9999,-9999,23,52
70,1568518028,0.7581571015871429,130,0.191,3,121,70,20,-9999,-9999,23,52
71,1541795449,0.670923928444,30,0.388,1,321,70,20,-9999,-9999,23,52
71,1568876437,0.5508789206342857,30,0.056,1,135,70,20,-9999,-9999,23,52
71,1526042976,0.7037439654322223,55,0.332,2,297,70,20,-9999,-9999,23,52
71,1541630220,0.581657746666,30,0.040,1,225,70,20,-9999,-9999,23,52
71,1525984771,0.685098583016,30,0.206,1,261,70,20,-9999,-9999,23,52
71,1541855560,0.6231131444620001,55,0.052,1,507,70,20,-9999,-9999,23,52
71,1538246979,0.7169626063485715,55,0.157,2,181,70,20,-9999,-9999,23,52
71,1542060476,0.565713222222,30,0.065,1,669,70,20,-9999,-9999,23,52
71,1542110370,0.5512427555557142,55,0.010,2,983,70,20,-9999,-9999,23,52
71,1568515697,0.564,55,0.276,2,228,70,20,-9999,-9999,23,52
71,1542086908,0.56458766926,55,0.021,1,111,70,20,-9999,-9999,23,52
71,1542135259,0.6080330793657143,55,0.125,2,146,70,20,-9999,-9999,23,52
71,1562595654,0.7119737209877779,55,0.091,2,154,70,20,-9999,-9999,23,52
71,1568771144,0.8332472518522221,130,0.043,3,416,70,20,-9999,-9999,23,52
71,1541928111,0.629971061728889,55,0.109,2,199,70,20,-9999,-9999,23,52
71,1568872223,0.5874320098766667,55,0.395,2,139,70,20,-9999,-9999,23,52
71,1542063981,0.6683824074077778,130,0.220,3,280,70,20,-9999,-9999,23,52
71,1542022064,0.68918814321,55,0.445,2,153,70,20,-9999,-9999,23,52
71,1562595949,0.6135128074077778,55,0.024,2,258,70,20,-9999,-9999,23,52
71,1548920222,0.8059155604443999,55,0.145,1,136,70,20,-9999,-9999,23,52
71,1567649801,0.5548001396828571,55,0.018,2,108,70,20,-9999,-9999,23,52
71,1568504480,0.81473368716,130,0.276,3,104,70,20,-9999,-9999,23,52
71,1568518028,0.6438948253971428,130,0.191,3,166,70,20,-9999,-9999,23,52
71,1526016250,0.5887125148133333,55,0.028,1,148,70,20,-9999,-9999,23,52
71,1562566167,0.7153924031742857,55,0.073,2,221,70,20,-9999,-9999,23,52
71,1525928471,0.5870481968257142,55,0.046,2,206,70,20,-9999,-9999,23,52
72,1542110370,0.5506017555557142,55,0.010,2,941,91,20,-9999,-9999,20,63
72,1525984771,0.6566267723979999,30,0.206,1,253,91,20,-9999,-9999,20,63
72,1526042976,0.7114859308644443,55,0.332,2,284,91,20,-9999,-9999,20,63
72,1541630220,0.6015594488880001,30,0.040,1,263,91,20,-9999,-9999,20,63
72,1542060476,0.587980146666,30,0.065,1,682,91,20,-9999,-9999,20,63
72,1568771144,0.8457976938266667,130,0.043,3,397,91,20,-9999,-9999,20,63
72,1542022064,0.6741963654322222,55,0.445,2,172,91,20,-9999,-9999,20,63
72,1525884593,0.5116575047614286,55,0.075,2,107,91,20,-9999,-9999,20,63
72,1568520273,0.8337464871600001,55,0.298,2,111,91,20,-9999,-9999,20,63
72,1562595654,0.7596471679011111,55,0.091,2,219,91,20,-9999,-9999,20,63
72,1571480720,0.56669525926,55,0.027,1,104,91,20,-9999,-9999,20,63
72,1562566167,0.6885139333328572,55,0.073,2,189,91,20,-9999,-9999,20,63
72,1568872223,0.60059217284,55,0.395,2,135,91,20,-9999,-9999,20,63
72,1526051183,0.57386171712,30,0.033,1,103,91,20,-9999,-9999,20,63
72,1548920222,0.7300235088879999,55,0.145,1,161,91,20,-9999,-9999,20,63
72,1568515697,0.564,55,0.276,2,218,91,20,-9999,-9999,20,63
72,1542063981,0.7646920370366665,130,0.220,3,253,91,20,-9999,-9999,20,63
72,1570003769,0.6308636222228572,55,0.028,2,108,91,20,-9999,-9999,20,63
72,1541795449,0.726624212888,30,0.388,1,314,91,20,-9999,-9999,20,63
72,1541855560,0.622267959134,55,0.052,1,461,91,20,-9999,-9999,20,63
72,1562595949,0.5971126123455556,55,0.024,2,303,91,20,-9999,-9999,20,63
72,1538246979,0.7223380603171429,55,0.157,2,178,91,20,-9999,-9999,20,63
72,1525928471,0.5965976539685715,55,0.046,2,193,91,20,-9999,-9999,20,63
72,1542135259,0.6078078,55,0.125,2,136,91,20,-9999,-9999,20,63
72,1526016250,0.676640975926,55,0.028,1,147,91,20,-9999,-9999,20,63
72,1568504480,0.8415960876544445,130,0.276,3,103,91,20,-9999,-9999,20,63
72,1568876437,0.5625313460314286,30,0.056,1,129,91,20,-9999,-9999,20,63
72,1541928111,0.6493230469133333,55,0.109,2,212,91,20,-9999,-9999,20,63
73,1542110370,0.5489553523814286,55,0.010,2,983,91,20,-9999,-9999,20,63
73,1569400899,0.867054448889,55,0.064,2,101,91,20,-9999,-9999,20,63
73,1562595949,0.6035776888888889,55,0.024,2,297,91,20,-9999,-9999,20,63
73,1541630220,0.694532497778,30,0.040,1,242,91,20,-9999,-9999,20,63
73,1525928471,0.5823041682542857,55,0.046,2,211,91,20,-9999,-9999,20,63
73,1542060476,0.571464906666,30,0.065,1,657,91,20,-9999,-9999,20,63
73,1541928111,0.6191646962966667,55,0.109,2,206,91,20,-9999,-9999,20,63
73,1526051183,0.5769439523366666,30,0.033,1,106,91,20,-9999,-9999,20,63
73,1526042976,0.6676207209877778,55,0.332,2,266,91,20,-9999,-9999,20,63
73,1562595654,0.8107425306177779,55,0.091,2,201,91,20,-9999,-9999,20,63
73,1541795449,0.699908093778,30,0.388,1,328,91,20,-9999,-9999,20,63
73,1562566167,0.6879605619042857,55,0.073,2,202,91,20,-9999,-9999,20,63
73,1568520273,0.8395283365433334,55,0.298,2,105,91,20,-9999,-9999,20,63
73,1525994523,0.5830901966666667,55,0.080,1,218,91,20,-9999,-9999,20,63
73,1526016250,0.64757385926,55,0.028,1,146,91,20,-9999,-9999,20,63
73,1568771144,0.8247747876544446,130,0.043,3,446,91,20,-9999,-9999,20,63
73,1568515697,0.564,55,0.276,2,238,91,20,-9999,-9999,20,63
73,1541855560,0.6225890851879999,55,0.052,1,504,91,20,-9999,-9999,20,63
73,1525984771,0.609894054804,30,0.206,1,251,91,20,-9999,-9999,20,63
73,1567649801,0.5928851301585715,55,0.018,2,113,91,20,-9999,-9999,20,63
73,1542063981,0.73101425679,130,0.220,3,258,91,20,-9999,-9999,20,63
73,1542022064,0.7457201476544444,55,0.445,2,148,91,20,-9999,-9999,20,63
73,1568876437,0.5422096730157142,30,0.056,1,161,91,20,-9999,-9999,20,63
73,1548920222,0.6596679755560001,55,0.145,1,153,91,20,-9999,-9999,20,63
73,1538246979,0.7504234126985714,55,0.157,2,182,91,20,-9999,-9999,20,63
73,1542135259,0.6102237111114286,55,0.125,2,140,91,20,-9999,-9999,20,63
73,1570003769,0.61163855873,55,0.028,2,107,91,20,-9999,-9999,20,63
73,1568872223,0.6201705876544444,55,0.395,2,125,91,20,-9999,-9999,20,63
74,1570009670,0.5418752666671428,55,0.047,2,109,91,20,-9999,-9999,20,63
74,1525984771,0.627413766666,30,0.206,1,254,91,20,-9999,-9999,20,63
74,1542110370,0.5420152634914286,55,0.010,2,985,91,20,-9999,-9999,20,63
74,1568771144,0.7972304493822223,130,0.043,3,427,91,20,-9999,-9999,20,63
74,1526042976,0.62048671358,55,0.332,2,283,91,20,-9999,-9999,20,63
74,1562566167,0.6960106539685715,55,0.073,2,209,91,20,-9999,-9999,20,63
74,1568520273,0.8647226404933334,55,0.298,2,107,91,20,-9999,-9999,20,63
74,1562595949,0.6182804543211111,55,0.024,2,278,91,20,-9999,-9999,20,63
74,1542022064,0.8454824980244445,55,0.445,2,157,91,20,-9999,-9999,20,63
74,1525994523,0.5016010759266667,55,0.080,1,234,91,20,-9999,-9999,20,63
74,1541928111,0.5708450444444445,55,0.109,2,210,91,20,-9999,-9999,20,63
74,1542063981,0.68017108642,130,0.220,3,241,91,20,-9999,-9999,20,63
74,1541855560,0.625810832436,55,0.052,1,513,91,20,-9999,-9999,20,63
74,1568876437,0.5362806253971429,30,0.056,1,155,91,20,-9999,-9999,20,63
74,1562595654,0.8610459034566668,55,0.091,2,179,91,20,-9999,-9999,20,63
74,1568872223,0.6226120074077778,55,0.395,2,152,91,20,-9999,-9999,20,63
74,1542060476,0.558565195556,30,0.065,1,671,91,20,-9999,-9999,20,63
74,1568515697,0.564,55,0.276,2,208,91,20,-9999,-9999,20,63
74,1525928471,0.5643980539685713,55,0.046,2,185,91,20,-9999,-9999,20,63
74,1541630220,0.7927252755559999,30,0.040,1,278,91,20,-9999,-9999,20,63
74,1541795449,0.635758108444,30,0.388,1,362,91,20,-9999,-9999,20,63
74,1567649801,0.5201753682542857,55,0.018,2,109,91,20,-9999,-9999,20,63
74,1538246979,0.7406885333328571,55,0.157,2,174,91,20,-9999,-9999,20,63
74,1570003769,0.5820261873014285,55,0.028,2,120,91,20,-9999,-9999,20,63
74,1548920222,0.661888686888,55,0.145,1,145,91,20,-9999,-9999,20,63
74,1526016250,0.5570235333333334,55,0.028,1,147,91,20,-9999,-9999,20,63
74,1542135259,0.5937664444442857,55,0.125,2,111,91,20,-9999,-9999,20,63
75,1541855560,0.6310846617979999,55,0.052,1,512,91,20,-9999,-9999,20,63
75,1525984771,0.628,30,0.206,1,235,91,20,-9999,-9999,20,63
75,1568515697,0.564,55,0.276,2,236,91,20,-9999,-9999,20,63
75,1562595949,0.6428266049377778,55,0.024,2,307,91,20,-9999,-9999,20,63
75,1548920222,0.700702235334,55,0.145,1,134,91,20,-9999,-9999,20,63
75,1562595654,0.8859706607411111,55,0.091,2,197,91,20,-9999,-9999,20,63
75,1542022064,0.8658079177777778,55,0.445,2,174,91,20,-9999,-9999,20,63
75,1542110370,0.5476591269842856,55,0.010,2,975,91,20,-9999,-9999,20,63
75,1541928111,0.5595000370366666,55,0.109,2,227,91,20,-9999,-9999,20,63
75,1526042976,0.6393097629633334,55,0.332,2,307,91,20,-9999,-9999,20,63
75,1525928471,0.5704013206342857,55,0.046,2,206,91,20,-9999,-9999,20,63
75,1568771144,0.7820153358022222,130,0.043,3,444,91,20,-9999,-9999,20,63
75,1541795449,0.608260002666,30,0.388,1,345,91,20,-9999,-9999,20,63
75,1542063981,0.6709152691355555,130,0.220,3,216,91,20,-9999,-9999,20,63
75,1568520273,0.8804981372844444,55,0.298,2,107,91,20,-9999,-9999,20,63
75,1562566167,0.7180527396828571,55,0.073,2,234,91,20,-9999,-9999,20,63
75,1526016250,0.5043041259266666,55,0.028,1,186,91,20,-9999,-9999,20,63
75,1568872223,0.6282497802466667,55,0.395,2,153,91,20,-9999,-9999,20,63
75,1526051183,0.5080382801133333,30,0.033,1,109,91,20,-9999,-9999,20,63
75,1567649801,0.5243957460314286,55,0.018,2,102,91,20,-9999,-9999,20,63
75,1568504480,0.7901624913577778,130,0.276,3,106,91,20,-9999,-9999,20,63
75,1570003769,0.5634319749142858,55,0.028,2,136,91,20,-9999,-9999,20,63
75,1542135259,0.6946358631742857,55,0.125,2,133,91,20,-9999,-9999,20,63
75,1541630220,0.8245479226666,30,0.040,1,269,91,20,-9999,-9999,20,63
75,1538246979,0.7339421142857143,55,0.157,2,141,91,20,-9999,-9999,20,63
76,1525782186,0.6039284634914286,55,0.133,2,105,40,10,-9999,-9999,29,64
76,1542022064,0.8455849180244444,55,0.445,2,178,40,10,-9999,-9999,29,64
76,1548920222,0.7148447495560001,55,0.145,1,142,40,10,-9999,-9999,29,64
76,1562566167,0.740885180952857,55,0.073,2,215,40,10,-9999,-9999,29,64
76,1541795449,0.605908653334,30,0.388,1,344,40,10,-9999,-9999,29,64
76,1568771144,0.7769631037033333,130,0.043,3,452,40,10,-9999,-9999,29,64
76,1541630220,0.694011206666,30,0.040,1,256,40,10,-9999,-9999,29,64
76,1525984771,0.647067264682,30,0.206,1,251,40,10,-9999,-9999,29,64
76,1526042976,0.7077515333333333,55,0.332,2,337,40,10,-9999,-9999,29,64
76,1526016250,0.50261482963,55,0.028,1,137,40,10,-9999,-9999,29,64
76,1562595949,0.6530783777777778,55,0.024,2,294,40,10,-9999,-9999,29,64
76,1541855560,0.628,55,0.052,1,485,40,10,-9999,-9999,29,64
76,1525928471,0.5817192,55,0.046,2,242,40,10,-9999,-9999,29,64
76,1562595654,0.898075366172889,55,0.091,2,197,40,10,-9999,-9999,29,64
76,1542063981,0.6591047209877778,130,0.220,3,261,40,10,-9999,-9999,29,64
76,1542060476,0.5087464222220001,30,0.065,1,696,40,10,-9999,-9999,29,64
76,1568518028,0.7620605936514285,130,0.191,3,158,40,10,-9999,-9999,29,64
76,1542110370,0.5554262380957143,55,0.010,2,997,40,10,-9999,-9999,29,64
76,1570003769,0.58599940388,55,0.028,2,101,40,10,-9999,-9999,29,64
76,1567649801,0.5781867238099999,55,0.018,2,110,40,10,-9999,-9999,29,64
76,1541928111,0.5651107111111111,55,0.109,2,206,40,10,-9999,-9999,29,64
76,1568515697,0.564,55,0.276,2,232,40,10,-9999,-9999,29,64
76,1542135259,0.8585617333332857,55,0.125,2,125,40,10,-9999,-9999,29,64
76,1525783862,0.5765596177766668,55,0.105,1,107,40,10,-9999,-9999,29,64
76,1568520273,0.8983922839506666,55,0.298,2,109,40,10,-9999,-9999,29,64
76,1538246979,0.7542224888885715,55,0.157,2,179,40,10,-9999,-9999,29,64
76,1568872223,0.6529290345677777,55,0.395,2,150,40,10,-9999,-9999,29,64
77,1541795449,0.593937548444,30,0.388,1,349,40,10,-9999,-9999,29,64
77,1548920222,0.709494621778,55,0.145,1,156,40,10,-9999,-9999,29,64
77,1541928111,0.6099306962966666,55,0.109,2,237,40,10,-9999,-9999,29,64
77,1541855560,0.62660352011,55,0.052,1,468,40,10,-9999,-9999,29,64
77,1568518028,0.8162657809528571,130,0.191,3,154,40,10,-9999,-9999,29,64
77,1568771144,0.6940378888888888,130,0.043,3,467,40,10,-9999,-9999,29,64
77,1568872223,0.6698583753088889,55,0.395,2,122,40,10,-9999,-9999,29,64
77,1542110370,0.5726274857142857,55,0.010,2,1002,40,10,-9999,-9999,29,64
77,1541630220,0.533947328444,30,0.040,1,285,40,10,-9999,-9999,29,64
77,1542135259,0.7991887003171428,55,0.125,2,140,40,10,-9999,-9999,29,64
77,1562566167,0.7268132793657143,55,0.073,2,214,40,10,-9999,-9999,29,64
77,1542060476,0.611272862222,30,0.065,1,663,40,10,-9999,-9999,29,64
77,1525984771,0.6781133550239999,30,0.206,1,234,40,10,-9999,-9999,29,64
77,1562595949,0.6467750518522222,55,0.024,2,246,40,10,-9999,-9999,29,64
77,1542063981,0.6279177012344445,130,0.220,3,227,40,10,-9999,-9999,29,64
77,1568520273,0.892823562963,55,0.298,2,116,40,10,-9999,-9999,29,64
77,1541643457,0.5120357842733333,55,0.012,1,121,40,10,-9999,-9999,29,64
77,1542022064,0.7482035037033333,55,0.445,2,151,40,10,-9999,-9999,29,64
77,1568515697,0.564,55,0.276,2,214,40,10,-9999,-9999,29,64
77,1568504480,0.7610785925922221,130,0.276,3,106,40,10,-9999,-9999,29,64
77,1526042976,0.7371256469133333,55,0.332,2,353,40,10,-9999,-9999,29,64
77,1562595654,0.8837476629633334,55,0.091,2,201,40,10,-9999,-9999,29,64
77,1526067646,0.6055945111114286,55,0.027,2,109,40,10,-9999,-9999,29,64
77,1570009670,0.5265322476185714,55,0.047,2,103,40,10,-9999,-9999,29,64
77,1525928471,0.5611851460314287,55,0.046,2,204,40,10,-9999,-9999,29,64
77,1538246979,0.7674873968257143,55,0.157,2,178,40,10,-9999,-9999,29,64
78,1541928111,0.64153494321,55,0.109,2,219,40,10,-9999,-9999,29,64
78,1548920222,0.693530080888,55,0.145,1,148,40,10,-9999,-9999,29,64
78,1541795449,0.579647808888,30,0.388,1,320,40,10,-9999,-9999,29,64
78,1542110370,0.5778236063485714,55,0.010,2,992,40,10,-9999,-9999,29,64
78,1526042976,0.7084448098766667,55,0.332,2,374,40,10,-9999,-9999,29,64
78,1568872223,0.6355648222222222,55,0.395,2,131,40,10,-9999,-9999,29,64
78,1525783862,0.5376083437033333,55,0.105,1,108,40,10,-9999,-9999,29,64
78,1542063981,0.5899728543211111,130,0.220,3,210,40,10,-9999,-9999,29,64
78,1570003769,0.6142906285714286,55,0.028,2,104,40,10,-9999,-9999,29,64
78,1542060476,0.586754031112,30,0.065,1,635,40,10,-9999,-9999,29,64
78,1562566167,0.68570672381,55,0.073,2,194,40,10,-9999,-9999,29,64
78,1542022064,0.5014422370366667,55,0.445,2,157,40,10,-9999,-9999,29,64
78,1568520273,0.8722927427155556,55,0.298,2,102,40,10,-9999,-9999,29,64
78,1525984771,0.64780977797,30,0.206,1,215,40,10,-9999,-9999,29,64
78,1568515697,0.564,55,0.276,2,231,40,10,-9999,-9999,29,64
78,1562595949,0.6463130913577777,55,0.024,2,221,40,10,-9999,-9999,29,64
78,1562595654,0.8412431093822222,55,0.091,2,197,40,10,-9999,-9999,29,64
78,1541630220,0.502206293334,30,0.040,1,229,40,10,-9999,-9999,29,64
78,1542135259,0.6748857730157143,55,0.125,2,123,40,10,-9999,-9999,29,64
78,1525928471,0.5462458,55,0.046,2,175,40,10,-9999,-9999,29,64
78,1541855560,0.625060337032,55,0.052,1,500,40,10,-9999,-9999,29,64
78,1568518028,0.6006241333328571,130,0.191,3,144,40,10,-9999,-9999,29,64
78,1538246979,0.7713645333328571,55,0.157,2,193,40,10,-9999,-9999,29,64
79,1568515697,0.564,55,0.276,2,239,40,10,-9999,-9999,29,64
79,1562595949,0.652216938271111,55,0.024,2,244,40,10,-9999,-9999,29,64
79,1526042976,0.6827813555555555,55,0.332,2,332,40,10,-9999,-9999,29,64
79,1542135259,0.6469884126985714,55,0.125,2,129,40,10,-9999,-9999,29,64
79,1562566167,0.6609141301585715,55,0.073,2,194,40,10,-9999,-9999,29,64
79,1541855560,0.626784742616,55,0.052,1,528,40,10,-9999,-9999,29,64
79,1568872223,0.6036711654322222,55,0.395,2,136,40,10,-9999,-9999,29,64
79,1542110370,0.5662052920628571,55,0.010,2,953,40,10,-9999,-9999,29,64
79,1538246979,0.7656050857142856,55,0.157,2,166,40,10,-9999,-9999,29,64
79,1542063981,0.5182675555555556,130,0.220,3,217,40,10,-9999,-9999,29,64
79,1548920222,0.6239570711119999,55,0.145,1,148,40,10,-9999,-9999,29,64
79,1562595654,0.8088151444444445,55,0.091,2,168,40,10,-9999,-9999,29,64
79,1542060476,0.578573693334,30,0.065,1,635,40,10,-9999,-9999,29,64
79,1541795449,0.5833117466659999,30,0.388,1,344,40,10,-9999,-9999,29,64
79,1568872297,0.6141638370366667,55,0.394,2,107,40,10,-9999,-9999,29,64
79,1541928111,0.6152471382711111,55,0.109,2,181,40,10,-9999,-9999,29,64
79,1525928471,0.55720871746,55,0.046,2,197,40,10,-9999,-9999,29,64
79,1567649801,0.6162218666671428,55,0.018,2,106,40,10,-9999,-9999,29,64
79,1525984771,0.631841446744,30,0.206,1,203,40,10,-9999,-9999,29,64
80,1541928111,0.5907554493822222,55,0.109,2,211,50,20,-9999,-9999,31,73
80,1542110370,0.5522859904757143,55,0.010,2,902,50,20,-9999,-9999,31,73
80,1541795449,0.59512488,30,0.388,1,299,50,20,-9999,-9999,31,73
80,1541855560,0.69414,55,0.052,1,530,50,20,-9999,-9999,31,73
80,1525984771,0.633519137778,30,0.206,1,255,50,20,-9999,-9999,31,73
80,1542060476,0.605111768888,30,0.065,1,580,50,20,-9999,-9999,31,73
80,1525928471,0.5335287714285715,55,0.046,2,174,50,20,-9999,-9999,31,73
80,1538246979,0.7515688666671428,55,0.157,2,182,50,20,-9999,-9999,31,73
80,1562566167,0.6573562444442856,55,0.073,2,194,50,20,-9999,-9999,31,73
80,1568872223,0.6012136320988889,55,0.395,2,143,50,20,-9999,-9999,31,73
80,1568515697,0.564,55,0.276,2,209,50,20,-9999,-9999,31,73
80,1562595654,0.7619142839511112,55,0.091,2,200,50,20,-9999,-9999,31,73
80,1542135259,0.6525349460314286,55,0.125,2,133,50,20,-9999,-9999,31,73
80,1562595949,0.6484913481477778,55,0.024,2,212,50,20,-9999,-9999,31,73
80,1526042976,0.6879777061733333,55,0.332,2,336,50,20,-9999,-9999,31,73
80,1548920222,0.57872684,55,0.145,1,126,50,20,-9999,-9999,31,73
81,1542060476,0.5800538000000001,30,0.065,1,598,50,20,-9999,-9999,31,73
81,1541928111,0.58179657284,55,0.109,2,197,50,20,-9999,-9999,31,73
81,1541795449,0.5994562044439999,30,0.388,1,333,50,20,-9999,-9999,31,73
81,1542110370,0.5546551873014286,55,0.010,2,913,50,20,-9999,-9999,31,73
81,1562595949,0.6329782740744445,55,0.024,2,199,50,20,-9999,-9999,31,73
81,1542135259,0.6338874063485714,55,0.125,2,137,50,20,-9999,-9999,31,73
81,1562595654,0.7417319308644446,55,0.091,2,186,50,20,-9999,-9999,31,73
81,1538246979,0.7563561968257143,55,0.157,2,195,50,20,-9999,-9999,31,73
81,1525984771,0.62858345135,30,0.206,1,232,50,20,-9999,-9999,31,73
81,1541855560,0.68330768291,55,0.052,1,463,50,20,-9999,-9999,31,73
81,1562566167,0.6430849555557143,55,0.073,2,198,50,20,-9999,-9999,31,73
81,1568515697,0.564,55,0.276,2,211,50,20,-9999,-9999,31,73
81,1526042976,0.6968890148144444,55,0.332,2,313,50,20,-9999,-9999,31,73
81,1568872223,0.6197244024688889,55,0.395,2,127,50,20,-9999,-9999,31,73
82,1568515697,0.564,55,0.276,2,207,50,20,-9999,-9999,31,73
82,1541795449,0.577695528888,30,0.388,1,364,50,20,-9999,-9999,31,73
82,1562595949,0.6265588049377778,55,0.024,2,188,50,20,-9999,-9999,31,73
82,1542110370,0.5682062825399999,55,0.010,2,802,50,20,-9999,-9999,31,73
82,1538246979,0.7663840666671429,55,0.157,2,173,50,20,-9999,-9999,31,73
82,1526042976,0.7028782444444445,55,0.332,2,315,50,20,-9999,-9999,31,73
82,1541928111,0.5753217925922223,55,0.109,2,193,50,20,-9999,-9999,31,73
82,1541855560,0.670729283046,55,0.052,1,486,50,20,-9999,-9999,31,73
82,1562566167,0.6333298158728571,55,0.073,2,188,50,20,-9999,-9999,31,73
82,1525984771,0.63302800208,30,0.206,1,243,50,20,-9999,-9999,31,73
82,1562595654,0.7139614049377777,55,0.091,2,175,50,20,-9999,-9999,31,73
82,1568872223,0.6185046493822222,55,0.395,2,149,50,20,-9999,-9999,31,73
82,1542135259,0.6229928984128571,55,0.125,2,138,50,20,-9999,-9999,31,73
83,1525928471,0.5376453936514286,55,0.046,2,167,50,20,-9999,-9999,31,73
83,1526042976,0.6983810666666668,55,0.332,2,317,50,20,-9999,-9999,31,73
83,1562566167,0.6244492603171429,55,0.073,2,153,50,20,-9999,-9999,31,73
83,1548920222,0.529203242222,55,0.145,1,116,50,20,-9999,-9999,31,73
83,1568872223,0.6192391308644444,55,0.395,2,145,50,20,-9999,-9999,31,73
83,1525984771,0.634252912948,30,0.206,1,239,50,20,-9999,-9999,31,73
83,1542110370,0.5711509333328572,55,0.010,2,763,50,20,-9999,-9999,31,73
83,1568515697,0.564,55,0.276,2,208,50,20,-9999,-9999,31,73
83,1538246979,0.7434960507942857,55,0.157,2,161,50,20,-9999,-9999,31,73
83,1541855560,0.6494408656659999,55,0.052,1,447,50,20,-9999,-9999,31,73
83,1541795449,0.5792495733340001,30,0.388,1,351,50,20,-9999,-9999,31,73
83,1541928111,0.626342032098889,55,0.109,2,194,50,20,-9999,-9999,31,73
83,1562595654,0.6384151283955556,55,0.091,2,152,50,20,-9999,-9999,31,73
83,1542135259,0.6782092317457143,55,0.125,2,119,50,20,-9999,-9999,31,73
83,1562595949,0.63239162716,55,0.024,2,170,50,20,-9999,-9999,31,73
84,1542110370,0.57186664127,55,0.010,2,753,60,10,-9999,-9999,75,119
84,1542135259,0.6652694920628571,55,0.125,2,128,60,10,-9999,-9999,75,119
84,1525984771,0.6308464633340001,30,0.206,1,226,60,10,-9999,-9999,75,119
84,1525928471,0.5153469682542857,55,0.046,2,143,60,10,-9999,-9999,75,119
84,1541795449,0.552015355556,30,0.388,1,354,60,10,-9999,-9999,75,119
84,1538246979,0.7223964190471429,55,0.157,2,159,60,10,-9999,-9999,75,119
84,1568515697,0.564,55,0.276,2,147,60,10,-9999,-9999,75,119
84,1526042976,0.6894716716044444,55,0.332,2,315,60,10,-9999,-9999,75,119
84,1568872223,0.6043507777777778,55,0.395,2,130,60,10,-9999,-9999,75,119
84,1541855560,0.55736511685,55,0.052,1,452,60,10,-9999,-9999,75,119
84,1562595949,0.6328264641977778,55,0.024,2,181,60,10,-9999,-9999,75,119
84,1541928111,0.6389604123455556,55,0.109,2,179,60,10,-9999,-9999,75,119
84,1562595654,0.6394640567900001,55,0.091,2,121,60,10,-9999,-9999,75,119
84,1562566167,0.5976436857142857,55,0.073,2,170,60,10,-9999,-9999,75,119
84,1548920222,0.522833273334,55,0.145,1,114,60,10,-9999,-9999,75,119
85,1541795449,0.521562888888,30,0.388,1,309,60,10,-9999,-9999,75,119
85,1562566167,0.5814999492057142,55,0.073,2,173,60,10,-9999,-9999,75,119
85,1568515697,0.564,55,0.276,2,177,60,10,-9999,-9999,75,119
85,1541928111,0.5805596790122223,55,0.109,2,182,60,10,-9999,-9999,75,119
85,1562595949,0.6294333580244444,55,0.024,2,167,60,10,-9999,-9999,75,119
85,1542110370,0.5536765523814285,55,0.010,2,692,60,10,-9999,-9999,75,119
85,1538246979,0.7316626126985715,55,0.157,2,143,60,10,-9999,-9999,75,119
85,1525984771,0.648134545722,30,0.206,1,225,60,10,-9999,-9999,75,119
85,1542135259,0.6166016698414286,55,0.125,2,101,60,10,-9999,-9999,75,119
85,1562595654,0.73568817037,55,0.091,2,138,60,10,-9999,-9999,75,119
85,1541855560,0.573241714622,55,0.052,1,477,60,10,-9999,-9999,75,119
85,1548920222,0.516958984444,55,0.145,1,128,60,10,-9999,-9999,75,119
85,1526042976,0.6875914691355556,55,0.332,2,263,60,10,-9999,-9999,75,119
85,1568872223,0.5889908641977778,55,0.395,2,127,60,10,-9999,-9999,75,119
86,1562595949,0.6181182740744444,55,0.024,2,152,60,10,-9999,-9999,75,119
86,1562566167,0.5830158698414286,55,0.073,2,170,60,10,-9999,-9999,75,119
86,1542110370,0.544158657142857,55,0.010,2,708,60,10,-9999,-9999,75,119
86,1541795449,0.558334413334,30,0.388,1,268,60,10,-9999,-9999,75,119
86,1538246979,0.7231326507942857,55,0.157,2,147,60,10,-9999,-9999,75,119
86,1525984771,0.6527607726299999,30,0.206,1,217,60,10,-9999,-9999,75,119
86,1541855560,0.620632657576,55,0.052,1,391,60,10,-9999,-9999,75,119
86,1568872223,0.59560017037,55,0.395,2,128,60,10,-9999,-9999,75,119
86,1526042976,0.6765690444444445,55,0.332,2,259,60,10,-9999,-9999,75,119
86,1541928111,0.55559448642,55,0.109,2,148,60,10,-9999,-9999,75,119
86,1562595654,0.7735220197533332,55,0.091,2,140,60,10,-9999,-9999,75,119
86,1568515697,0.564,55,0.276,2,166,60,10,-9999,-9999,75,119
87,1538246979,0.7171048571428571,55,0.157,2,129,60,10,-9999,-9999,75,119
87,1541855560,0.62404739139,55,0.052,1,408,60,10,-9999,-9999,75,119
87,1562595949,0.6116469580244445,55,0.024,2,160,60,10,-9999,-9999,75,119
87,1542110370,0.5686238222228571,55,0.010,2,634,60,10,-9999,-9999,75,119
87,1562566167,0.5773986666671428,55,0.073,2,159,60,10,-9999,-9999,75,119
87,1541795449,0.613418057778,30,0.388,1,267,60,10,-9999,-9999,75,119
87,1568515697,0.564,55,0.276,2,140,60,10,-9999,-9999,75,119
87,1526042976,0.6776408246911111,55,0.332,2,250,60,10,-9999,-9999,75,119
87,1525984771,0.648613764104,30,0.206,1,217,60,10,-9999,-9999,75,119
87,1541928111,0.5672761802466667,55,0.109,2,147,60,10,-9999,-9999,75,119
87,1562595654,0.7152831061733332,55,0.091,2,104,60,10,-9999,-9999,75,119
87,1542135259,0.5951792063485714,55,0.125,2,111,60,10,-9999,-9999,75,119
87,1525928471,0.5158821142857143,55,0.046,2,138,60,10,-9999,-9999,75,119
87,1568872223,0.5952717308644444,55,0.395,2,130,60,10,-9999,-9999,75,119
88,1542110370,0.5699360285714286,55,0.010,2,626,40,20,-9999,-9999,77,107
88,1541855560,0.615403396826,55,0.052,1,449,40,20,-9999,-9999,77,107
88,1538246979,0.7121688952385714,55,0.157,2,122,40,20,-9999,-9999,77,107
88,1568515697,0.564,55,0.276,2,179,40,20,-9999,-9999,77,107
88,1525928471,0.5051293269842857,55,0.046,2,114,40,20,-9999,-9999,77,107
88,1526042976,0.6835384567899999,55,0.332,2,281,40,20,-9999,-9999,77,107
88,1525984771,0.624526811422,30,0.206,1,226,40,20,-9999,-9999,77,107
88,1562566167,0.59205627619,55,0.073,2,133,40,20,-9999,-9999,77,107
88,1541928111,0.5750170493822222,55,0.109,2,168,40,20,-9999,-9999,77,107
88,1541795449,0.6101049199999999,30,0.388,1,273,40,20,-9999,-9999,77,107
88,1568872223,0.5826777654322222,55,0.395,2,130,40,20,-9999,-9999,77,107
88,1562595949,0.6179380469133333,55,0.024,2,148,40,20,-9999,-9999,77,107
88,1562595654,0.6530299382711111,55,0.091,2,124,40,20,-9999,-9999,77,107
88,1542135259,0.5810453936514286,55,0.125,2,121,40,20,-9999,-9999,77,107
89,1525984771,0.62318485771,30,0.206,1,210,40,20,-9999,-9999,77,107
89,1542110370,0.5503157682542857,55,0.010,2,566,40,20,-9999,-9999,77,107
89,1541795449,0.583767751112,30,0.388,1,245,40,20,-9999,-9999,77,107
89,1568872223,0.5851897950622222,55,0.395,2,113,40,20,-9999,-9999,77,107
89,1525928471,0.5002556095242857,55,0.046,2,113,40,20,-9999,-9999,77,107
89,1541855560,0.621024787872,55,0.052,1,432,40,20,-9999,-9999,77,107
89,1562566167,0.5988299777771429,55,0.073,2,132,40,20,-9999,-9999,77,107
89,1526042976,0.6677679506177778,55,0.332,2,246,40,20,-9999,-9999,77,107
89,1562595654,0.6097251259255556,55,0.091,2,122,40,20,-9999,-9999,77,107
89,1541928111,0.5470478812377777,55,0.109,2,161,40,20,-9999,-9999,77,107
89,1542135259,0.5686526285714285,55,0.125,2,106,40,20,-9999,-9999,77,107
89,1562595949,0.6066591234566666,55,0.024,2,125,40,20,-9999,-9999,77,107
89,1538246979,0.7118429460314286,55,0.157,2,116,40,20,-9999,-9999,77,107
89,1568515697,0.564,55,0.276,2,163,40,20,-9999,-9999,77,107
90,1541795449,0.604027528888,30,0.388,1,208,40,20,-9999,-9999,77,107
90,1562595949,0.56910357037,55,0.024,2,137,40,20,-9999,-9999,77,107
90,1562566167,0.5762162031742857,55,0.073,2,139,40,20,-9999,-9999,77,107
90,1541928111,0.5809163544977778,55,0.109,2,138,40,20,-9999,-9999,77,107
90,1526042976,0.64910557284,55,0.332,2,256,40,20,-9999,-9999,77,107
90,1525984771,0.628462327368,30,0.206,1,240,40,20,-9999,-9999,77,107
90,1562595654,0.5691606814811111,55,0.091,2,126,40,20,-9999,-9999,77,107
90,1541855560,0.624847645704,55,0.052,1,398,40,20,-9999,-9999,77,107
90,1568515697,0.564,55,0.276,2,146,40,20,-9999,-9999,77,107
90,1568872223,0.5763273037033333,55,0.395,2,131,40,20,-9999,-9999,77,107
90,1542110370,0.5433645555557143,55,0.010,2,624,40,20,-9999,-9999,77,107
90,1538246979,0.7229676666671428,55,0.157,2,109,40,20,-9999,-9999,77,107
91,1541795449,0.638092594666,30,0.388,1,197,40,20,-9999,-9999,77,107
91,1542110370,0.52767187619,55,0.010,2,550,40,20,-9999,-9999,77,107
91,1541928111,0.6085994954511111,55,0.109,2,129,40,20,-9999,-9999,77,107
91,1526042976,0.6489682197533333,55,0.332,2,207,40,20,-9999,-9999,77,107
91,1562595949,0.5664291061733333,55,0.024,2,109,40,20,-9999,-9999,77,107
91,1542135259,0.6202951142857144,55,0.125,2,113,40,20,-9999,-9999,77,107
91,1538246979,0.7126302190471429,55,0.157,2,112,40,20,-9999,-9999,77,107
91,1525984771,0.63594851574,30,0.206,1,220,40,20,-9999,-9999,77,107
91,1541855560,0.619417673438,55,0.052,1,368,40,20,-9999,-9999,77,107
91,1562595654,0.5616358098766667,55,0.091,2,131,40,20,-9999,-9999,77,107
91,1568515697,0.564,55,0.276,2,127,40,20,-9999,-9999,77,107
91,1562566167,0.5526137174599999,55,0.073,2,135,40,20,-9999,-9999,77,107
91,1568872223,0.5737401209877778,55,0.395,2,121,40,20,-9999,-9999,77,107
92,1568872223,0.6092839308644444,55,0.395,2,118,80,20,-9999,-9999,79,105
92,1541855560,0.625548307758,55,0.052,1,386,80,20,-9999,-9999,79,105
92,1541928111,0.6073728617288889,55,0.109,2,146,80,20,-9999,-9999,79,105
92,1541795449,0.6437262977780001,30,0.388,1,213,80,20,-9999,-9999,79,105
92,1562566167,0.5469716158728571,55,0.073,2,123,80,20,-9999,-9999,79,105
92,1526042976,0.6509306839511111,55,0.332,2,216,80,20,-9999,-9999,79,105
92,1525984771,0.642524640084,30,0.206,1,220,80,20,-9999,-9999,79,105
92,1562595949,0.5696730913577778,55,0.024,2,118,80,20,-9999,-9999,79,105
92,1568515697,0.564,55,0.276,2,107,80,20,-9999,-9999,79,105
92,1542110370,0.52275643492,55,0.010,2,514,80,20,-9999,-9999,79,105
92,1562595654,0.5653820395066667,55,0.091,2,111,80,20,-9999,-9999,79,105
93,1538246979,0.6640060253971429,55,0.157,2,106,80,20,-9999,-9999,79,105
93,1541795449,0.6225616142220001,30,0.388,1,215,80,20,-9999,-9999,79,105
93,1542110370,0.53581876508,55,0.010,2,416,80,20,-9999,-9999,79,105
93,1562566167,0.5335061301585715,55,0.073,2,116,80,20,-9999,-9999,79,105
93,1568515697,0.564,55,0.276,2,120,80,20,-9999,-9999,79,105
93,1562595949,0.5585774987655555,55,0.024,2,109,80,20,-9999,-9999,79,105
93,1525984771,0.6358952176279999,30,0.206,1,229,80,20,-9999,-9999,79,105
93,1541855560,0.563208552556,55,0.052,1,342,80,20,-9999,-9999,79,105
93,1541928111,0.5887250518522222,55,0.109,2,119,80,20,-9999,-9999,79,105
93,1526042976,0.6294443777777777,55,0.332,2,181,80,20,-9999,-9999,79,105
94,1541795449,0.6422828511119999,30,0.388,1,198,80,20,-9999,-9999,79,105
94,1526042976,0.6015891851855556,55,0.332,2,132,80,20,-9999,-9999,79,105
94,1542110370,0.5331211904757143,55,0.010,2,424,80,20,-9999,-9999,79,105
94,1525984771,0.6281537471259999,30,0.206,1,217,80,20,-9999,-9999,79,105
94,1541855560,0.55471803425,55,0.052,1,275,80,20,-9999,-9999,79,105
94,1542135259,0.6349100985228571,55,0.125,2,115,80,20,-9999,-9999,79,105
95,1525984771,0.599521121612,30,0.206,1,203,80,20,-9999,-9999,79,105
95,1541795449,0.6547533177779999,30,0.388,1,203,80,20,-9999,-9999,79,105
95,1542110370,0.5131447746028571,55,0.010,2,368,80,20,-9999,-9999,79,105
95,1526042976,0.5871045679011111,55,0.332,2,152,80,20,-9999,-9999,79,105
95,1541928111,0.5797393629633334,55,0.109,2,102,80,20,-9999,-9999,79,105
95,1541855560,0.58310480178,55,0.052,1,287,80,20,-9999,-9999,79,105
